-2.17875 2.59186
-2.78144 3.05025
-4.34618 2.241
-4.5672 4.5672
-7.00455 2.24374
-6.1846 1.35769
-5.9795 1.01367
-5.7517 3.97494
-6.91891 4.24569
-4.72665 4.5672
-3.36 3.53723
-3.38269 3.88383
-4.285 4.26535
-2.54742 2.81867
-2.58542 2.79043
-2.91913 1.96576
-2.49 1.4657
-6.1154 1.54231
-6.17355 1.43816
-7.639 1.86144
-5.968 1.328
-5.8 1.312
-5.776 1.292
-5.50064 2.21836
-4.31663 2.88155
-5.205 2.38041
-6.77675 2.19818
-6.9362 2.2893
-7.17415 2.088
-8.05289 2.16743
-5.82005 3.20045
-5.26861 3.15777
-8.29057 3.16909
-8.25661 3.68407
-5.98166 3.96136
-5.1139 3.70159
-4.5366 4.50515
-4.40775 4.65831
-4.62216 4.36031
-4.5672 4.20274
-4.53373 3.64842
-4.5672 3.4738
-4.84418 2.91443
-3.54214 3.24601
-3.54214 3.06378
-3.61048 3.01823
-3.22323 3.33713
-4.31663 3.79271
-4.24829 3.83827
-3.13212 3.65604
-2.64479 4.34737
-2.99545 3.65604
-2.58542 3.15489
-2.45907 3.09416
-2.40441 2.91372
-2.29582 2.97985
-2.1543 2.53169
-2.08029 2.59035
-2.14933 2.61075
-2.19818 2.74487
-2.25077 2.58415
-2.58542 2.88155
-2.39592 2.83945
-3.25964 2.22402
-3.52115 2.32324
-2.6968 1.56462
-2.51708 1.65148
-2.42597 2.51708
-2.31154 2.49631
-2.35763 1.65148
-6.23875 1.40031
-6.45785 1.37813
-6.21934 1.37799
-6.33252 1.45722
-6.29857 1.4657
-6.32969 1.51947
-6.05757 1.46707
-6.2086 1.47323
-6.0694 1.40791
-6.01415 1.31169
-6.032 1.24923
-6.13895 1.01367
-6.00525 1.20461
-5.8357 1.30277
-5.91115 1.05923
-5.94487 1.06108
-5.7263 1.34087
-5.6606 1.28702
-5.71568 1.32706
-5.784 1.532
-5.69305 1.34969
-5.76095 1.39214
-5.8357 1.34739
-5.83672 1.38819
-5.98 1.51846
-5.93137 1.4158
-5.74 1.648
-5.78 1.58
-5.712 1.62
-5.59475 1.78462
-5.50115 1.7426
-5.44185 1.74184
-5.4605 2.09485
-5.3417 2.19818
-4.95444 2.24374
-5.46668 2.28061
-5.51333 1.81412
-5.59225 1.87927
-5.59225 2.0615
-5.82675 1.67754
-5.97845 1.69539
-6.0706 1.78815
-6.02127 1.65811
-6.02208 1.62087
-5.976 1.60718
-5.86827 1.60115
-7.72466 2.04859
-6.08069 1.65811
-6.8451 2.0615
-7.03775 2.0621
-6.77675 2.10706
-7.7107 2.19818
-6.68565 2.24374
-6.8451 2.69931
-8.12075 2.6082
-8.48695 2.58348
-6.8451 2.6082
-6.72866 2.60601
-6.72583 2.77578
-8.18905 3.20045
-6.8451 2.88155
-6.9362 3.01823
-8.20002 3.55391
-8.30755 3.0163
-8.39243 3.24832
-8.51127 2.82955
-8.23451 3.78992
-7.87015 3.65604
-7.8018 3.70159
-7.80955 3.87082
-7.968 3.88214
-7.7871 4.13262
-6.78716 4.29472
-7.00455 4.33941
-7.4146 4.29385
-6.79091 4.04059
-7.72466 4.01795
-6.45503 3.87616
-7.55125 3.83827
-6.0706 3.61048
-5.9795 3.56492
-6.3895 3.79271
-5.6606 3.92939
-6.13267 4.04127
-6.43222 4.22768
-5.46985 3.67631
-5.50915 3.83887
-4.95444 4.06606
-5.61375 3.62456
-5.37001 3.57739
-5.29125 3.50864
-5.42707 3.55391
-5.08697 3.49877
-5.00264 2.94273
-5.57986 3.49732
-5.59802 3.27076
-5.7517 3.06378
-5.9795 3.4738
-5.7517 2.97267
-5.39815 2.61784
-5.5742 2.70505
-5.50115 2.74487
-5.3417 2.2893
-5.1139 2.42597
-5.27335 2.42597
-4.87248 2.60318
-4.5672 3.20045
-4.86884 2.8354
-4.63553 3.24601
-4.53416 2.90216
-4.47608 3.06378
-4.47608 3.51936
-4.45936 3.77461
-4.31663 3.70159
-4.40775 3.65604
-4.47608 3.97494
-4.55581 3.75858
-4.5672 4.0205
-4.63553 3.79271
-4.66633 4.30859
-4.81965 4.1081
-4.77247 4.11989
-4.69068 4.34864
-4.76854 4.55233
-4.79499 4.61275
-4.47608 4.52164
-4.52874 4.67026
-4.47608 4.61275
-4.57984 4.46191
-4.40775 4.11162
-4.482 4.41409
-4.40294 4.24569
-3.54214 3.51936
-3.54214 2.97267
-3.61048 3.20045
-4.24829 3.65604
-4.24829 3.74715
-4.17996 4.24829
-3.29157 3.29157
-3.13212 3.56492
-3.06378 3.70159
-2.35086 3.15675
-2.39167 3.02195
-2.37682 3.07855
-2.42216 3.02031
-2.47384 2.95384
-2.16177 2.9597
-2.35763 2.92711
-2.66916 2.92711
-2.68061 2.96861
-2.72485 2.92858
-2.83599 2.92711
-2.62087 2.83237
-3.70159 2.88155
-2.74487 2.88155
-2.51477 2.91077
-2.46949 2.85643
-2.36479 2.85713
-2.15036 2.85012
-2.25415 2.80585
-2.17875 2.80974
-2.14197 2.82106
-2.21692 2.78892
-2.16609 2.78329
-2.1375 2.5792
-2.31508 2.77031
-2.38784 2.57062
-2.35763 2.74487
-2.26652 2.79043
-2.32589 2.81257
-2.30749 2.79205
-2.39017 2.79508
-2.51708 2.74487
-2.44119 2.82672
-2.46879 2.80294
-3.54214 2.79043
-3.70159 2.79043
-4.4226 2.76363
-4.31663 2.79043
-3.8312 2.54093
-4.44554 2.50339
-4.30523 2.63631
-3.76993 2.65376
-2.43185 2.57908
-3.59352 2.62582
-2.78427 2.65019
-4.09718 2.19007
-3.69926 2.07567
-3.30631 2.30478
-4.26142 2.27616
-4.5982 2.29068
-4.82751 2.28009
-4.04913 1.96953
-4.27714 2.02457
-4.39145 2.04859
-3.70159 1.87927
-3.61048 1.92483
-3.45102 1.7426
-3.22323 1.42369
-2.96307 1.56
-3.12382 1.51664
-3.22323 1.97039
-3.22323 2.15262
-2.83599 2.2893
-2.99545 2.2893
-2.90433 2.33485
-2.31174 2.39097
-2.28344 2.45887
-2.6339 2.45307
-2.35763 1.56037
-2.73231 1.49907
-2.67654 1.1959
-1.19015 1.18189
-6.3895 1.33258
-7.6859 1.23467
-6.35 1.35769
-6.25015 1.36616
-6.1577 1.31539
-6.23005 1.33258
-6.20802 1.40345
-6.1654 1.41154
-6.17984 1.38771
-6.2984 1.37813
-6.32985 1.40031
-6.38911 1.42043
-6.38845 1.37692
-6.2917 1.43262
-6.25453 1.43096
-6.45785 1.46925
-6.3071 1.49139
-6.35675 1.49385
-6.28755 1.50831
-6.2423 1.48077
-6.25385 1.50385
-6.23075 1.45385
-6.17355 1.44984
-6.21925 1.43461
-6.19615 1.44616
-6.19615 1.42692
-6.1423 1.42692
-6.13267 1.39951
-6.1563 1.42769
-6.14615 1.45
-6.1269 1.45385
-6.13895 1.46925
-6.1231 1.5
-6.08585 1.50831
-6.1077 1.48462
-6.08156 1.45847
-6.10095 1.43157
-6.10489 1.40002
-6.10122 1.41523
-6.0722 1.2931
-6.06151 1.32904
-6.0731 1.38461
-6.08912 1.34087
-6.11155 1.3
-6.14827 1.36453
-6.1269 1.35769
-6.13895 1.1959
-6.13895 1.10478
-6.13895 1.28702
-6.1077 1.24616
-6.07503 1.10352
-6.0706 0.96811
-6.0694 1.15551
-6.0231 1.15108
-6.01813 1.08058
-6.056 1.192
-5.9795 1.1959
-6 1.26
-5.9795 1.28702
-5.91115 1.33258
-5.936 1.352
-5.94275 1.31169
-5.944 1.156
-5.91115 1.15034
-5.93385 1.09754
-5.97935 1.14005
-5.7517 1.24146
-5.904 1.104
-5.776 1.264
-5.74 1.276
-5.7 1.256
-5.17386 1.17362
-5.71285 1.28178
-5.59225 1.33258
-5.69305 1.30442
-5.74645 1.31169
-5.8 1.28493
-5.86 1.328
-5.88 1.32
-5.712 1.372
-5.78824 1.41729
-5.78 1.36
-5.6987 1.40062
-5.6394 1.37416
-5.632 1.416
-5.6606 1.46925
-5.59225 1.42369
-5.6789 1.43458
-5.7 1.456
-5.72 1.44
-5.7286 1.45446
-5.804 1.508
-5.8968 1.43489
-5.86827 1.4789
-5.81424 1.4742
-5.8446 1.42769
-5.8798 1.3978
-5.90771 1.36453
-5.876 1.356
-6.00687 1.39557
-5.9606 1.36523
-6.02652 1.36806
-5.95576 1.43096
-6.03046 1.45061
-5.96292 1.46312
-5.92348 1.47101
-5.848 1.544
-5.8801 1.53017
-5.91092 1.55908
-5.9049 1.62431
-5.86282 1.65811
-5.91115 1.69704
-5.79728 1.64454
-5.82005 1.7426
-5.82095 1.64848
-5.84066 1.61299
-5.8 1.596
-5.8089 1.56154
-5.84301 1.5704
-5.7517 1.60593
-5.78925 1.68641
-5.78 1.616
-5.7517 1.5148
-5.6606 1.65148
-4.96724 1.68605
-5.572 1.724
-5.4328 1.69704
-5.59225 1.69704
-5.644 1.708
-5.70185 1.73107
-5.7286 1.68646
-5.77793 1.72602
-5.27335 1.87927
-5.3417 2.10706
-5.3417 1.7426
-5.27335 2.0615
-5.27335 1.97039
-4.69385 2.11105
-4.83144 2.22506
-4.79213 2.14643
-4.70957 2.29582
-5.04555 2.2893
-5.27335 2.33485
-5.27335 2.24374
-5.27335 2.15262
-5.3417 2.01595
-5.5104 2.33306
-5.54125 1.95415
-5.4163 1.93631
-5.51445 1.88277
-5.45812 1.82595
-5.38745 1.85618
-5.59225 1.97039
-5.6606 1.83371
-5.7517 1.78815
-5.6606 2.10706
-5.59225 2.15262
-5.6606 2.19818
-5.59225 2.24374
-6.04957 1.70339
-5.9795 1.7426
-6.13895 1.7426
-6.8451 2.33485
-6.9362 1.92483
-6.85033 1.99766
-6.0946 1.60477
-6.13895 1.65148
-6.11215 1.70123
-6.06655 1.57889
-6.05797 1.6
-6.02693 1.58455
-5.94205 1.60152
-6.08069 1.5421
-5.93611 1.56069
-5.99447 1.54989
-5.95898 1.53805
-5.92224 1.5223
-6.02208 1.51045
-6.04225 1.53317
-6.13845 1.51707
-6.3895 1.5148
-6.23005 1.5148
-6.11155 1.51923
-6.2984 1.56037
-6.13895 1.56037
-6.10899 1.56757
-7.13026 1.94426
-7.00455 1.97039
-7.2634 2.04339
-7.221 1.92975
-7.09083 1.84567
-7.25515 1.83371
-7.87015 1.92483
-7.4146 1.83371
-7.52093 1.92409
-7.74164 1.95239
-7.3973 1.9692
-7.5594 2.00584
-7.45868 2.01464
-7.83218 2.08255
-8.18535 2.09723
-7.96234 2.10518
-7.64235 2.15262
-7.5383 2.1157
-7.4146 2.10706
-7.25515 2.10706
-7.8018 2.24374
-7.0754 2.19477
-7.164 2.15262
-7.87015 2.2893
-8.32452 2.32589
-7.9613 2.33485
-8.01893 2.29759
-8.29623 2.60318
-8.20002 2.35418
-8.25661 2.49
-8.38677 2.739
-8.18905 2.83599
-8.34716 2.86916
-6.9362 2.83599
-8.18905 2.92711
-6.9362 2.92711
-6.87862 2.74749
-8.0296 2.47152
-7.9613 2.42597
-8.18905 2.74487
-6.68565 2.69931
-6.8451 2.51708
-6.68339 2.62016
-6.6605 2.4629
-5.67655 2.57991
-5.6606 2.38041
-5.6606 2.83599
-5.6606 2.74487
-5.6606 2.92711
-6.77675 2.83599
-6.77675 2.74487
-6.81072 2.89463
-6.8451 2.79043
-5.91115 3.33713
-6.8451 2.97267
-7.00455 3.06378
-5.7517 3.15489
-5.73168 3.35724
-5.6606 3.01823
-5.87714 3.60884
-5.81189 3.44073
-5.71002 3.62182
-5.91115 3.42824
-6.1363 3.552
-6.13895 3.65604
-6.0706 3.51936
-8.26793 3.44073
-8.0296 3.4738
-7.9545 3.56908
-8.12075 3.33713
-8.23964 3.32755
-8.18905 3.10934
-8.18905 3.01823
-8.40375 3.07289
-8.51693 2.94839
-8.47732 2.99932
-8.53565 3.12542
-8.46402 3.37052
-8.32521 3.38372
-8.35385 3.6
-8.14909 3.67841
-8.31886 3.68407
-8.00183 3.65978
-7.91707 3.78593
-7.7107 3.74715
-7.64235 3.79271
-7.25515 3.92939
-7.09565 3.92939
-7.32345 3.88383
-7.4146 3.83827
-7.42275 3.91631
-7.47566 3.91609
-8.03025 3.83686
-7.6228 3.99532
-8.04945 3.9404
-7.86614 3.96136
-7.93405 4.04625
-7.62652 4.23783
-7.57935 4.13562
-7.31203 4.13562
-7.24126 4.21424
-7.24913 4.32432
-7.1076 4.10417
-7.46141 4.057
-7.39851 4.04127
-7.12632 4.01077
-6.628 4.10417
-6.66135 3.95767
-6.94936 3.98966
-6.9437 4.1085
-6.77959 4.19339
-6.5262 4.24829
-6.2984 4.20274
-6.04168 4.69449
-6.1248 4.13562
-6.42307 4.05191
-5.82005 4.0205
-6.49098 3.96136
-6.22702 3.94692
-6.21522 3.82112
-5.6606 3.83827
-5.82489 3.81359
-6.33316 3.93513
-6.5262 3.79271
-6.8451 3.88383
-6.6173 3.83827
-6.2729 3.66585
-6.2984 3.74715
-6.45785 3.74715
-6.23005 3.70159
-6.00687 3.78967
-5.7911 3.69416
-5.9479 3.72284
-5.3003 3.58708
-5.6606 3.4738
-5.20245 3.44492
-4.94039 3.54825
-4.90874 3.44373
-4.8861 3.65604
-4.95444 3.70159
-4.8861 3.74715
-5.04555 3.65604
-5.205 3.65604
-5.27335 3.70159
-5.3417 3.74715
-5.50115 3.74715
-4.914 4.14741
-4.9022 4.06486
-4.8861 4.11162
-4.95444 4.15718
-4.95444 4.43053
-4.95444 4.52164
-4.8861 4.47608
-4.8861 4.5672
-4.87468 4.51695
-4.87075 4.40687
-4.8861 4.38497
-4.8861 4.20274
-4.8861 4.0205
-4.83144 4.16707
-4.79499 4.15718
-4.81569 4.40585
-4.78361 4.43053
-4.82751 4.44225
-4.79499 4.52164
-4.70957 4.47763
-4.69385 4.5366
-4.76461 4.4737
-4.74102 4.41867
-4.71323 4.41723
-4.72665 4.20274
-4.66769 4.28062
-4.72665 3.74715
-4.66769 3.85939
-4.69385 3.78181
-4.79499 3.79271
-4.80785 3.74643
-4.84984 4.0802
-4.79499 4.06606
-4.79499 3.70159
-4.84323 3.52235
-4.8272 3.6388
-4.76105 3.53484
-4.73316 3.66781
-4.71744 3.60884
-4.71236 3.45177
-4.72665 3.20045
-4.72665 3.38269
-4.72665 3.29157
-4.75364 3.11816
-4.68206 3.02702
-4.74889 2.90122
-4.89434 3.21179
-5.0762 3.1125
-4.914 3.12923
-5.0566 3.23077
-4.84115 3.29097
-4.86289 3.37297
-5.01228 3.40049
-5.44864 3.42014
-5.3926 3.27323
-5.24422 3.314
-5.4497 3.15211
-5.51195 3.37282
-5.51547 3.13709
-5.62947 3.14496
-5.478 2.88048
-5.59225 2.88155
-5.54591 2.99932
-5.41719 3.0113
-5.33652 3.05591
-5.22063 3.01916
-5.16925 2.94277
-5.23635 2.77542
-5.14411 2.81257
-5.15773 2.64176
-5.30391 2.62416
-5.59225 2.79043
-5.37614 2.85218
-5.56855 2.59752
-5.60982 2.48452
-5.39753 2.42948
-5.29532 2.51203
-5.12235 2.55528
-5.17023 2.41356
-5.04555 2.38041
-5.04555 2.47152
-5.02155 2.33539
-4.94151 2.3941
-5.0141 2.50903
-4.99028 2.60828
-5.0083 2.67109
-4.94545 2.71253
-4.67026 2.55528
-4.82155 2.75032
-4.68992 2.75577
-4.90206 2.53976
-4.7362 2.52491
-4.88648 2.36658
-4.77231 2.43693
-4.31663 2.97267
-4.17996 2.79043
-4.24829 2.83599
-4.40775 3.01823
-4.63754 3.14585
-4.47608 3.15489
-3.70159 2.97267
-3.70159 3.06378
-3.70159 3.15489
-3.61048 2.92711
-3.76993 2.74487
-3.61048 2.83599
-4.08884 2.74487
-2.99545 2.74487
-3.45102 2.74487
-2.97818 2.86309
-2.90433 2.79043
-2.83599 2.83599
-2.8352 2.75032
-2.90433 2.97267
-2.83599 3.01823
-2.79901 2.95626
-3.27292 2.91753
-3.54214 3.15489
-3.54214 2.88155
-3.61048 3.10934
-3.36655 3.37846
-3.38269 3.33713
-3.22323 3.24601
-3.13212 3.29157
-3.06378 3.33713
-2.85141 3.24813
-3.22323 3.51936
-3.13212 3.38269
-2.99545 3.56492
-3.22323 3.61048
-3.45102 3.38269
-3.22323 3.42824
-3.29157 3.38269
-3.61048 3.56492
-3.48565 3.58093
-3.456 3.47077
-3.54214 3.42824
-3.45102 3.29157
-3.54214 3.33713
-3.61048 3.29157
-4.66322 3.45594
-4.08289 3.19854
-3.61048 3.4738
-4.63553 3.51936
-4.40775 3.56492
-4.5672 3.56492
-3.70159 3.61048
-4.62377 3.62894
-4.65743 3.72934
-4.62914 3.71236
-4.54446 3.82112
-4.47608 3.88383
-4.40775 3.83827
-4.47608 4.06606
-4.40775 3.92939
-4.40775 4.0205
-4.47608 4.15718
-4.63553 4.15718
-4.5672 4.11162
-4.58534 3.89059
-4.54992 4.36591
-4.63553 4.24829
-4.56523 4.26923
-4.63182 4.43916
-4.63553 4.52164
-4.5672 4.65831
-4.5366 4.60736
-4.47608 4.70387
-4.46977 4.6624
-4.43439 4.59164
-4.47608 4.33941
-4.49332 4.24998
-4.40775 4.20274
-4.31663 3.88383
-4.30073 3.84471
-4.31663 4.24829
-4.31663 4.33941
-4.40775 4.5672
-4.40775 4.47608
-4.17996 4.33941
-4.24829 4.38497
-3.43822 4.30604
-4.24829 4.29385
-4.23783 4.24962
-3.89279 3.90106
-4.24829 4.20274
-3.38269 3.79271
-3.29157 3.83827
-3.29157 3.74715
-3.45102 3.83827
-3.54214 3.70159
-4.40294 3.73071
-3.45102 3.74715
-3.61048 3.65604
-4.31663 3.61048
-3.54214 3.61048
-3.45102 3.65604
-3.38269 3.70159
-3.29157 3.65604
-3.06378 3.61048
-2.72768 3.03893
-2.72825 3.0113
-2.74487 2.97267
-2.70929 2.97951
-2.70277 2.93416
-2.67654 3.01823
-2.64369 3.05723
-2.63154 3.08339
-2.66369 3.05631
-2.66402 3.07501
-2.68524 3.08279
-2.74487 3.08224
-2.69019 3.04318
-2.56246 3.10154
-2.70929 3.09552
-2.59939 3.08677
-2.67654 3.10934
-2.60677 3.11631
-2.62984 3.13584
-2.51255 3.57873
-2.50428 3.79361
-2.50631 3.16292
-2.54031 3.13846
-2.48123 3.12369
-2.51708 3.10934
-2.54523 3.11892
-2.42216 3.08923
-2.33513 3.07026
-2.40299 3.07925
-2.35763 3.10934
-2.45534 3.12382
-2.42597 3.15489
-1.25627 3.45475
-1.59514 4.41349
-2.14889 3.79361
-2.26652 3.15489
-2.30608 3.1125
-2.19818 3.10934
-2.10706 3.06378
-2.32872 3.03044
-2.19818 3.01823
-2.26652 3.06378
-2.35763 3.01823
-2.40492 2.99569
-2.42597 3.06378
-2.40492 3.04
-2.39875 2.96607
-2.42597 2.97267
-2.44677 2.944
-2.34299 2.97198
-2.26652 2.97267
-2.19818 2.92711
-2.06244 2.93697
-2.04422 2.85798
-2.17026 2.88048
-2.12782 2.90594
-2.10706 2.85478
-2.18441 2.85218
-2.19856 2.83803
-2.30042 2.86138
-2.23251 2.85218
-2.2683 2.84619
-2.26652 2.88155
-2.22685 2.89463
-2.27212 2.9116
-2.31174 2.92009
-2.4974 2.92464
-2.3312 2.89336
-2.46807 2.90807
-2.50132 2.88331
-2.55507 2.89231
-2.63631 2.90216
-2.67077 2.88739
-2.61416 2.86769
-2.69019 2.87906
-2.69287 2.85012
-2.58462 2.87754
-2.55154 2.85996
-2.51708 2.83599
-2.42597 2.88155
-2.35763 2.83599
-2.32376 2.82672
-2.33708 2.78554
-2.42597 2.79043
-2.67321 2.81081
-2.75577 2.81474
-2.57276 2.75103
-2.66142 2.74004
-2.4617 2.75315
-2.38814 2.75881
-2.3655 2.77932
-2.34215 2.75508
-2.36409 2.76871
-2.24569 2.78046
-2.21861 2.76354
-2.28631 2.78554
-2.28293 2.80585
-2.21836 2.82389
-2.29476 2.82672
-2.24666 2.82672
-2.11892 2.77542
-2.19818 2.83599
-1.37198 2.81008
-2.03568 2.77259
-2.18985 2.76354
-2.16743 2.74254
-2.15036 2.7597
-2.12678 2.70466
-2.08623 2.73695
-2.11509 2.72839
-2.16107 2.70646
-2.17293 2.72293
-2.19493 2.70939
-2.17663 2.68241
-2.19818 2.65376
-2.19831 2.67554
-2.14933 2.66596
-2.09926 2.67321
-2.06651 2.65019
-2.0446 2.69039
-2.18483 2.62258
-2.14145 2.64624
-2.12567 2.62652
-2.19818 2.56264
-2.11933 2.55791
-2.19818 2.47152
-2.23817 2.56357
-2.22544 2.52749
-2.23215 2.49638
-2.21243 2.58709
-2.23385 2.59939
-2.21354 2.62984
-2.2028 2.61026
-2.30184 2.54801
-2.32016 2.55707
-2.26081 2.55225
-2.29193 2.53244
-2.32306 2.52537
-2.26652 2.51708
-2.40196 2.49238
-2.35763 2.47152
-2.35135 2.50132
-2.39662 2.52113
-2.34046 2.54523
-2.40646 2.552
-2.38108 2.54862
-2.41831 2.58754
-2.42169 2.64677
-2.42597 2.6082
-2.35763 2.56264
-2.31419 2.65305
-2.288 2.56046
-2.26262 2.57231
-2.40962 2.73695
-2.376 2.73138
-2.398 2.70769
-2.41323 2.67892
-2.42597 2.69931
-2.43129 2.71707
-2.43624 2.67675
-2.47868 2.69373
-2.45605 2.71353
-2.47665 2.66142
-2.45039 2.65411
-2.45046 2.618
-2.49 2.61167
-2.51708 2.65376
-2.5381 2.61167
-2.59459 2.64176
-2.64562 2.65977
-2.58542 2.69931
-2.49238 2.72039
-2.50698 2.69939
-2.90433 2.69931
-2.74116 2.70676
-3.56902 2.70753
-3.66277 2.688
-3.86105 2.69931
-4.0205 2.69931
-4.06323 2.60884
-4.51695 2.6339
-4.09846 2.66585
-3.92939 2.65376
-3.45102 2.65376
-2.99545 2.65376
-2.71253 2.61425
-3.29157 2.56264
-3.06378 2.6082
-3.13212 2.56264
-3.38269 2.6082
-3.45102 2.56264
-3.69139 2.51597
-4.08844 2.51597
-4.54991 2.46736
-4.36756 2.48452
-3.95085 2.47272
-3.56983 2.5147
-3.43193 2.46486
-3.22185 2.48184
-2.5828 2.54348
-2.67654 2.5141
-3.04275 2.47665
-2.82389 2.54659
-2.73218 2.56314
-2.92026 2.55043
-2.60318 2.58055
-2.51708 2.56264
-2.48059 2.57493
-2.44473 2.54093
-2.52395 2.5183
-2.4419 2.49
-2.48059 2.50417
-2.5199 2.45307
-3.10684 2.29193
-3.07026 2.39017
-3.06378 2.24374
-3.13212 2.19818
-3.40431 2.11938
-3.27661 2.11084
-3.65994 2.19754
-3.53808 2.1425
-3.66709 2.0882
-3.46732 2.24864
-3.40442 2.3312
-3.68407 2.38248
-3.79754 2.38231
-4.12548 2.37116
-4.0452 2.28796
-3.89345 2.31457
-4.19905 2.39945
-4.36882 2.42775
-4.63881 2.37837
-4.47068 2.10518
-4.48062 2.22646
-4.63553 2.0615
-4.19852 2.15036
-4.0123 2.06557
-3.94299 2.09926
-3.88431 2.19508
-3.43384 2.00123
-3.3898 1.90145
-3.81719 2.0285
-3.86105 1.87927
-4.40775 1.92483
-3.93873 1.94673
-3.54214 1.87927
-4.17996 1.87927
-3.95065 1.2976
-3.45102 1.83371
-3.38269 1.5148
-3.38269 1.69704
-3.38269 1.60593
-3.28227 1.7147
-3.23134 1.56191
-3.22323 1.78815
-3.29157 1.83371
-3.22323 1.87927
-3.29157 1.92483
-3.29157 2.01595
-3.13212 1.65148
-3.22323 2.0615
-3.22323 1.69704
-2.97698 1.62379
-3.07813 1.42309
-3.02309 1.4742
-3.08224 1.59669
-2.80949 1.37069
-2.94125 1.27838
-2.88467 1.17744
-2.75032 1.26198
-2.74487 1.15034
-2.67654 1.28702
-2.82461 1.59692
-2.68241 1.39214
-2.79901 1.46241
-2.84226 1.5371
-2.88923 1.56
-2.92874 1.4742
-2.94461 1.40308
-2.80616 1.69846
-2.90433 1.60593
-2.83599 1.66071
-2.83599 1.7426
-2.90433 2.24374
-2.92009 2.44473
-2.8226 2.4452
-2.68108 2.37837
-2.80408 2.38248
-2.74487 2.24374
-2.74487 1.78815
-2.67654 1.7426
-2.74487 1.69704
-2.67654 1.65148
-2.42597 2.33485
-2.51708 2.2893
-2.62997 2.25651
-2.5664 2.34852
-2.55225 2.42492
-2.51708 2.38041
-2.42597 2.42597
-2.38814 2.42775
-2.26652 2.42597
-2.32306 2.4136
-2.0993 2.02491
-2.35763 2.38041
-2.37399 2.34286
-2.42597 1.60593
-1.33892 1.97532
-1.71911 1.52902
-2.496 1.56554
-2.59752 1.58455
-2.63038 1.7691
-2.58542 1.5148
-2.58542 1.24146
-2.62234 1.13188
-2.58542 1.33258
-2.58542 1.42369
-2.42597 1.5148
-2.42597 1.42369
-2.35763 1.46925
-8.04464 1.96122
-6.11974 3.75901
-4.30379 2.48785
-4.42183 2.87827
-5.66575 1.33926
-5.68391 1.3665
-5.74747 1.38466
-4.45361 2.38343
-4.19937 2.58318
-2.53778 2.6876
-2.07472 2.80564
-2.19275 2.87373
-2.17006 2.91005
-2.40613 3.11435
-2.0838 3.00993
-4.33103 2.34711
-4.02232 1.89766
-4.17214 2.67398
-2.09742 2.96907
-2.16098 3.00085
-2.59226 2.84649
-2.65128 2.84649
-2.65128 2.78748
-2.70576 2.76478
-2.18821 2.5287
-8.41237 3.473
