-5.91115 1.05923
-5.8 1.28493
-5.91115 1.33258
-6.25453 1.43096
-6.8451 2.79043
-5.6606 3.83827
-5.8089 1.56154
-3.54214 3.33713
-4.90874 3.44373
-4.47608 3.88383
-2.33513 3.07026
-2.34046 2.54523
-2.19818 2.47152
-4.96724 1.68605
-7.5594 2.00584
-6.00525 1.20461
-5.72 1.44
-5.7 1.256
-5.6394 1.37416
-6.8451 2.6082
-6.9362 2.2893
-7.00455 2.24374
-7.4146 2.10706
-8.48695 2.58348
-6.8451 2.97267
-7.00455 3.06378
-4.72665 3.29157
-5.50915 3.83887
-4.5672 4.65831
-3.89279 3.90106
-3.61048 3.65604
-4.17996 4.33941
-4.5672 3.20045
-4.31663 2.97267
-4.08884 2.74487
-2.79901 2.95626
-3.54214 3.51936
-2.99545 3.56492
-3.13212 3.65604
-3.43822 4.30604
-2.54523 3.11892
-2.50631 3.16292
-2.56246 3.10154
-2.42216 3.02031
-2.67654 3.01823
-2.06244 2.93697
-2.40962 2.73695
-2.69287 2.85012
-2.74116 2.70676
-2.99545 2.65376
-2.496 1.56554
-2.78427 2.65019
-3.13212 1.65148
-2.12567 2.62652
-2.06651 2.65019
-1.19015 1.18189
-6.3895 1.33258
-6.2984 1.37813
-6.32985 1.40031
-6.28755 1.50831
-6.3071 1.49139
-6.04225 1.53317
-6.13895 1.46925
-6.23075 1.45385
-6.10489 1.40002
-6.1577 1.31539
-6.02652 1.36806
-5.97935 1.14005
-5.968 1.328
-5.8357 1.30277
-5.776 1.264
-5.6606 1.46925
-5.78 1.58
-5.8801 1.53017
-5.8968 1.43489
-6.02208 1.51045
-5.93137 1.4158
-5.70185 1.73107
-5.6606 1.83371
-5.59225 1.69704
-5.51333 1.81412
-5.4328 1.69704
-4.95444 2.24374
-5.3417 2.01595
-5.3417 2.10706
-5.59225 2.0615
-5.54125 1.95415
-5.9795 1.7426
-5.97845 1.69539
-5.7286 1.68646
-5.74 1.648
-5.7517 1.60593
-6.02208 1.62087
-6.0946 1.60477
-6.05797 1.6
-6.13895 1.65148
-7.87015 2.2893
-6.8451 2.33485
-8.0296 2.47152
-6.9362 2.83599
-6.8451 2.69931
-6.77675 2.74487
-5.67655 2.57991
-5.7517 3.06378
-6.8451 2.88155
-7.8018 3.70159
-8.0296 3.4738
-8.46402 3.37052
-7.42275 3.91631
-7.46141 4.057
-7.7871 4.13262
-7.62652 4.23783
-7.4146 4.29385
-6.91891 4.24569
-6.5262 4.24829
-7.00455 4.33941
-7.31203 4.13562
-6.22702 3.94692
-7.09565 3.92939
-5.50115 3.74715
-5.3417 3.74715
-4.914 4.14741
-4.8861 4.5672
-4.95444 4.52164
-4.72665 4.5672
-4.76854 4.55233
-4.79499 4.52164
-4.79499 3.79271
-4.8861 4.47608
-5.20245 3.44492
-4.76105 3.53484
-5.27335 3.70159
-5.44864 3.42014
-5.61375 3.62456
-5.17023 2.41356
-5.6606 2.83599
-5.02155 2.33539
-4.89434 3.21179
-4.84115 3.29097
-4.72665 3.38269
-4.63553 3.24601
-4.63754 3.14585
-4.5672 3.56492
-4.47608 3.06378
-4.40775 3.56492
-4.31663 3.88383
-4.24829 3.74715
-4.31663 3.61048
-4.40775 4.0205
-4.53373 3.64842
-4.66633 4.30859
-4.66769 4.28062
-4.69068 4.34864
-4.62216 4.36031
-4.5672 4.5672
-4.47608 4.52164
-4.40775 4.5672
-4.43439 4.59164
-4.40775 4.47608
-4.47608 4.06606
-4.5672 4.0205
-3.61048 3.29157
-3.54214 3.42824
-3.48565 3.58093
-3.54214 3.70159
-3.45102 3.83827
-3.22323 3.51936
-3.36655 3.37846
-3.13212 3.29157
-3.29157 3.29157
-2.35763 3.10934
-2.35763 3.01823
-2.59939 3.08677
-2.64369 3.05723
-3.70159 3.06378
-2.74487 3.08224
-2.67077 2.88739
-2.66916 2.92711
-2.51708 2.83599
-2.2683 2.84619
-2.19818 2.92711
-2.10706 2.85478
-2.21692 2.78892
-2.25415 2.80585
-2.11892 2.77542
-2.14933 2.61075
-2.19818 2.56264
-2.38108 2.54862
-2.32016 2.55707
-2.35763 2.56264
-2.33708 2.78554
-2.26652 2.79043
-2.39017 2.79508
-2.75577 2.81474
-2.83599 2.83599
-3.45102 2.74487
-4.24829 2.83599
-4.44554 2.50339
-3.86105 2.69931
-4.08844 2.51597
-2.99545 2.74487
-2.5828 2.54348
-2.42597 2.51708
-3.13212 2.19818
-2.99545 2.2893
-3.40442 2.3312
-3.43193 2.46486
-3.46732 2.24864
-3.29157 2.01595
-3.86105 1.87927
-3.38269 1.60593
-3.22323 1.42369
-2.96307 1.56
-2.80616 1.69846
-2.74487 1.15034
-2.67654 1.65148
-2.67654 1.7426
-2.68108 2.37837
-2.74487 2.24374
-2.35763 2.47152
-2.6339 2.45307
-2.63652 2.02491
-2.35763 1.56037
-2.58542 1.5148
-2.58542 1.42369
-6.35 1.35769
-6.23005 1.33258
-6.1846 1.35769
-6.14827 1.36453
-6.13895 1.28702
-6.17984 1.38771
-6.23875 1.40031
-6.25015 1.36616
-6.38845 1.37692
-6.45785 1.37813
-6.19615 1.42692
-6.2917 1.43262
-6.21925 1.43461
-6.19615 1.44616
-6.45785 1.46925
-6.14615 1.45
-6.17355 1.44984
-6.17355 1.43816
-6.1563 1.42769
-6.1423 1.42692
-6.1654 1.41154
-6.1269 1.35769
-6.13267 1.39951
-6.10122 1.41523
-6.10095 1.43157
-6.1269 1.45385
-6.05757 1.46707
-6.08156 1.45847
-6.03046 1.45061
-6.0694 1.40791
-6.0731 1.38461
-6.032 1.24923
-6.06151 1.32904
-6.08912 1.34087
-6.1077 1.24616
-6.11155 1.3
-6.13895 1.01367
-6.13895 1.10478
-6.13895 1.1959
-6.0706 0.96811
-6.0694 1.15551
-6.056 1.192
-5.9795 1.01367
-6.01813 1.08058
-6.0231 1.15108
-6 1.26
-6.01415 1.31169
-5.94275 1.31169
-5.9795 1.28702
-5.9795 1.1959
-5.944 1.156
-5.93385 1.09754
-5.91115 1.15034
-5.904 1.104
-5.7517 1.24146
-5.74 1.276
-5.17386 1.17362
-4.69449 1.2976
-5.6606 1.28702
-5.74645 1.31169
-5.776 1.292
-5.8 1.312
-5.88 1.32
-5.8357 1.34739
-5.78 1.36
-5.7263 1.34087
-5.712 1.372
-5.59225 1.33258
-5.59225 1.42369
-5.632 1.416
-5.7 1.456
-5.7286 1.45446
-5.78824 1.41729
-5.8446 1.42769
-5.83672 1.38819
-5.90771 1.36453
-5.876 1.356
-5.86 1.328
-6.00687 1.39557
-5.9606 1.36523
-5.936 1.352
-5.95576 1.43096
-5.96292 1.46312
-5.92348 1.47101
-5.848 1.544
-5.86827 1.4789
-5.86827 1.60115
-5.9049 1.62431
-5.91115 1.69704
-5.82095 1.64848
-5.82675 1.67754
-5.84066 1.61299
-5.804 1.508
-5.81424 1.4742
-5.8 1.596
-5.784 1.532
-5.78 1.616
-5.7517 1.5148
-5.712 1.62
-5.44185 1.74184
-5.50115 1.7426
-5.572 1.724
-5.644 1.708
-5.6606 1.65148
-5.79728 1.64454
-5.4163 1.93631
-5.3417 1.7426
-5.27335 2.0615
-5.27335 1.97039
-5.27335 1.87927
-4.69385 2.11105
-4.79213 2.14643
-4.83144 2.22506
-5.3417 2.19818
-5.27335 2.15262
-5.59225 2.15262
-5.4605 2.09485
-5.59225 1.97039
-5.51445 1.88277
-5.45812 1.82595
-5.82005 1.7426
-5.59475 1.78462
-5.7517 1.78815
-5.59225 1.87927
-5.6606 2.10706
-5.6606 2.19818
-5.93611 1.56069
-6.0706 1.78815
-6.11215 1.70123
-6.13895 1.7426
-6.2984 1.56037
-6.13895 1.56037
-6.1154 1.54231
-6.11155 1.51923
-5.99447 1.54989
-5.95898 1.53805
-5.98 1.51846
-6.13845 1.51707
-6.08585 1.50831
-6.1231 1.5
-6.1077 1.48462
-6.2086 1.47323
-6.2423 1.48077
-6.35675 1.49385
-6.25385 1.50385
-6.23005 1.5148
-6.3895 1.5148
-6.8451 2.0615
-7.00455 1.97039
-7.13026 1.94426
-6.9362 1.92483
-7.09083 1.84567
-7.4146 1.83371
-7.25515 1.83371
-7.639 1.86144
-7.87015 1.92483
-7.2634 2.04339
-7.3973 1.9692
-8.18535 2.09723
-7.25515 2.10706
-7.17415 2.088
-7.03775 2.0621
-6.77675 2.10706
-6.77675 2.19818
-7.164 2.15262
-7.0754 2.19477
-7.5383 2.1157
-7.64235 2.15262
-7.7107 2.19818
-8.12075 2.6082
-8.18905 2.74487
-8.18905 2.83599
-8.18905 2.92711
-8.18905 3.01823
-6.9362 2.92711
-6.9362 3.01823
-7.9613 2.42597
-7.9613 2.33485
-7.8018 2.24374
-6.8451 2.51708
-6.68565 2.24374
-6.6605 2.4629
-5.6606 2.38041
-5.60982 2.48452
-5.6606 3.01823
-5.6606 2.74487
-5.6606 2.92711
-5.7517 2.97267
-6.68565 2.69931
-6.77675 2.83599
-5.91115 3.33713
-5.82005 3.20045
-5.7517 3.15489
-5.73168 3.35724
-5.62947 3.14496
-5.87714 3.60884
-5.6606 3.4738
-5.91115 3.42824
-5.9795 3.4738
-5.9795 3.56492
-7.87015 3.65604
-6.0706 3.61048
-7.9545 3.56908
-6.1363 3.552
-6.0706 3.51936
-8.53565 3.12542
-8.18905 3.10934
-8.18905 3.20045
-8.12075 3.33713
-8.32521 3.38372
-8.35385 3.6
-8.23451 3.78992
-8.00183 3.65978
-7.7107 3.74715
-7.64235 3.79271
-6.5262 3.79271
-6.8451 3.88383
-6.6173 3.83827
-7.32345 3.88383
-7.4146 3.83827
-7.55125 3.83827
-7.25515 3.92939
-8.04945 3.9404
-7.39851 4.04127
-7.57935 4.13562
-7.24913 4.32432
-6.78716 4.29472
-6.628 4.10417
-7.24126 4.21424
-7.1076 4.10417
-7.12632 4.01077
-6.66135 3.95767
-6.45503 3.87616
-6.33316 3.93513
-6.13267 4.04127
-6.2984 4.20274
-6.43222 4.22768
-6.1248 4.13562
-6.04168 4.69449
-5.82005 4.0205
-5.7517 3.97494
-5.6606 3.92939
-5.82489 3.81359
-6.00687 3.78967
-6.21522 3.82112
-6.3895 3.79271
-6.45785 3.74715
-6.2984 3.74715
-6.2729 3.66585
-6.23005 3.70159
-6.13895 3.65604
-5.9479 3.72284
-5.7911 3.69416
-5.37001 3.57739
-5.3003 3.58708
-5.205 3.65604
-4.84323 3.52235
-5.08697 3.49877
-4.8861 3.65604
-4.95444 3.70159
-5.04555 3.65604
-5.1139 3.70159
-5.46985 3.67631
-4.9022 4.06486
-4.95444 4.06606
-4.95444 4.15718
-4.8861 4.38497
-4.95444 4.43053
-4.87075 4.40687
-4.87468 4.51695
-4.8861 4.20274
-4.8861 4.11162
-4.8861 3.74715
-4.8861 4.0205
-4.81569 4.40585
-4.78361 4.43053
-4.82751 4.44225
-4.76461 4.4737
-4.79499 4.61275
-4.69385 4.5366
-4.70957 4.47763
-4.74102 4.41867
-4.71323 4.41723
-4.72665 4.20274
-4.77247 4.11989
-4.79499 4.06606
-4.79499 4.15718
-4.81965 4.1081
-4.83144 4.16707
-4.73316 3.66781
-4.79499 3.70159
-4.80785 3.74643
-4.72665 3.74715
-4.71744 3.60884
-4.69385 3.78181
-4.86289 3.37297
-4.71236 3.45177
-4.72665 3.20045
-4.74889 2.90122
-4.68992 2.75577
-4.94545 2.71253
-4.86884 2.8354
-4.914 3.12923
-5.0566 3.23077
-5.01228 3.40049
-5.22063 3.01916
-5.24422 3.314
-5.3926 3.27323
-5.51547 3.13709
-5.59802 3.27076
-5.59225 2.88155
-5.59225 2.79043
-5.50115 2.74487
-5.41719 3.0113
-5.16925 2.94277
-5.23635 2.77542
-5.15773 2.64176
-5.27335 2.42597
-5.29532 2.51203
-5.39753 2.42948
-5.39815 2.61784
-5.59225 2.24374
-5.5104 2.33306
-5.3417 2.2893
-5.27335 2.33485
-5.27335 2.24374
-5.205 2.38041
-5.04555 2.2893
-5.04555 2.38041
-5.1139 2.42597
-5.04555 2.47152
-5.12235 2.55528
-4.77231 2.43693
-4.90206 2.53976
-4.94151 2.3941
-4.88648 2.36658
-4.82751 2.28009
-4.70957 2.29582
-4.31663 2.79043
-4.53416 2.90216
-4.40775 3.01823
-4.68206 3.02702
-4.47608 3.15489
-4.08289 3.19854
-3.70159 3.15489
-3.70159 2.97267
-4.17996 2.79043
-4.31663 2.88155
-3.70159 2.88155
-3.70159 2.79043
-3.61048 2.83599
-3.54214 2.79043
-3.54214 2.88155
-3.54214 3.06378
-3.54214 2.97267
-3.54214 3.15489
-3.61048 3.10934
-3.61048 3.01823
-3.61048 2.92711
-3.54214 3.24601
-3.456 3.47077
-3.45102 3.38269
-3.45102 3.29157
-3.38269 3.33713
-3.38269 3.70159
-3.45102 3.65604
-3.54214 3.61048
-3.61048 3.56492
-3.61048 3.4738
-4.40294 3.73071
-4.31663 3.70159
-4.24829 3.65604
-3.70159 3.61048
-3.61048 3.20045
-4.66322 3.45594
-4.5672 3.4738
-4.47608 3.51936
-4.63553 3.51936
-4.62377 3.62894
-4.40775 3.65604
-4.66769 3.85939
-4.63553 3.79271
-4.58534 3.89059
-4.55581 3.75858
-4.54446 3.82112
-4.47608 3.97494
-4.47608 4.15718
-4.5672 4.20274
-4.63553 4.15718
-4.5672 4.11162
-4.63553 4.24829
-4.56523 4.26923
-4.63182 4.43916
-4.57984 4.46191
-4.63553 4.52164
-4.47608 4.70387
-4.52874 4.67026
-4.5366 4.60736
-4.5366 4.50515
-4.54992 4.36591
-4.47608 4.33941
-4.31663 4.33941
-4.31663 4.24829
-4.47608 4.61275
-4.40775 4.65831
-4.46977 4.6624
-4.24829 4.29385
-4.24829 4.38497
-4.285 4.26535
-4.23783 4.24962
-4.17996 4.24829
-4.24829 4.20274
-4.40294 4.24569
-4.40775 3.92939
-4.40775 4.11162
-4.40775 4.20274
-4.40775 3.83827
-4.31663 3.79271
-4.30073 3.84471
-4.24829 3.83827
-3.45102 3.74715
-3.38269 3.88383
-3.22323 3.24601
-2.85141 3.24813
-2.67654 3.10934
-2.66369 3.05631
-2.63154 3.08339
-3.06378 3.33713
-3.13212 3.38269
-3.22323 3.42824
-3.29157 3.38269
-3.22323 3.33713
-3.36 3.53723
-3.29157 3.65604
-3.29157 3.74715
-3.38269 3.79271
-3.29157 3.83827
-2.64479 4.34737
-2.99545 3.65604
-3.06378 3.70159
-3.06378 3.61048
-3.22323 3.61048
-3.13212 3.56492
-2.54031 3.13846
-2.42597 3.15489
-2.58542 3.15489
-2.51255 3.57873
-2.50428 3.79361
-2.14889 3.79361
-1.59514 4.41349
-1.25627 3.45475
-2.35086 3.15675
-2.26652 3.15489
-2.19818 3.10934
-2.48123 3.12369
-2.51708 3.10934
-2.60677 3.11631
-2.62984 3.13584
-2.45907 3.09416
-2.42597 3.06378
-2.42216 3.08923
-2.40492 3.04
-2.26652 3.06378
-2.10706 3.06378
-2.29582 2.97985
-2.19818 3.01823
-2.26652 2.97267
-2.34299 2.97198
-2.3312 2.89336
-2.35763 2.92711
-2.44677 2.944
-2.47384 2.95384
-2.42597 2.97267
-2.40492 2.99569
-2.68061 2.96861
-2.72825 3.0113
-2.74487 2.97267
-2.83599 3.01823
-2.90433 2.97267
-3.27292 2.91753
-2.83599 2.92711
-2.70277 2.93416
-2.63631 2.90216
-2.51477 2.91077
-2.4974 2.92464
-2.58462 2.87754
-2.55507 2.89231
-2.58542 2.88155
-2.61416 2.86769
-2.74487 2.88155
-2.97818 2.86309
-2.67321 2.81081
-2.90433 2.79043
-2.58542 2.79043
-2.54742 2.81867
-2.46879 2.80294
-2.28631 2.78554
-2.42597 2.79043
-2.28293 2.80585
-2.35763 2.83599
-2.42597 2.88155
-2.26652 2.88155
-2.15036 2.85012
-2.04422 2.85798
-2.19818 2.83599
-1.37198 2.81008
-2.16609 2.78329
-2.03568 2.77259
-2.15036 2.7597
-2.18985 2.76354
-2.21861 2.76354
-2.19818 2.74487
-2.19493 2.70939
-2.17293 2.72293
-2.12678 2.70466
-2.08623 2.73695
-2.0446 2.69039
-2.09926 2.67321
-2.14933 2.66596
-2.14145 2.64624
-2.08029 2.59035
-2.1375 2.5792
-2.1543 2.53169
-2.21243 2.58709
-2.18483 2.62258
-2.21354 2.62984
-2.19818 2.65376
-2.19831 2.67554
-2.25077 2.58415
-2.26262 2.57231
-2.288 2.56046
-2.26652 2.51708
-2.23215 2.49638
-2.40196 2.49238
-2.31154 2.49631
-2.40646 2.552
-2.38784 2.57062
-2.41831 2.58754
-2.42597 2.6082
-2.42169 2.64677
-2.41323 2.67892
-2.31419 2.65305
-2.23385 2.59939
-2.24569 2.78046
-2.31508 2.77031
-2.34215 2.75508
-2.35763 2.74487
-2.376 2.73138
-2.398 2.70769
-2.49238 2.72039
-2.42597 2.69931
-2.47665 2.66142
-2.51708 2.65376
-2.45046 2.618
-2.59459 2.64176
-2.58542 2.69931
-2.90433 2.69931
-2.66142 2.74004
-2.51708 2.74487
-3.56902 2.70753
-3.66277 2.688
-3.76993 2.74487
-4.4226 2.76363
-4.0205 2.69931
-4.51695 2.6339
-4.30523 2.63631
-4.09846 2.66585
-3.92939 2.65376
-3.76993 2.65376
-3.45102 2.65376
-3.13212 2.56264
-3.29157 2.56264
-3.38269 2.6082
-3.45102 2.56264
-4.67026 2.55528
-3.95085 2.47272
-4.36756 2.48452
-3.69139 2.51597
-3.56983 2.5147
-3.22185 2.48184
-3.04275 2.47665
-2.92026 2.55043
-2.73218 2.56314
-3.06378 2.6082
-2.71253 2.61425
-2.43185 2.57908
-2.51708 2.56264
-2.48059 2.57493
-2.67654 2.5141
-2.48059 2.50417
-2.5199 2.45307
-3.07026 2.39017
-3.30631 2.30478
-3.06378 2.24374
-3.22323 2.15262
-3.22323 2.0615
-3.40431 2.11938
-3.69926 2.07567
-3.53808 2.1425
-3.65994 2.19754
-3.52115 2.32324
-3.79754 2.38231
-4.0452 2.28796
-4.26142 2.27616
-4.48062 2.22646
-4.63881 2.37837
-4.27714 2.02457
-4.19852 2.15036
-4.63553 2.0615
-3.94299 2.09926
-3.88431 2.19508
-3.81719 2.0285
-3.43384 2.00123
-3.54214 1.87927
-3.61048 1.92483
-4.04913 1.96953
-4.40775 1.92483
-4.17996 1.87927
-3.95065 1.2976
-3.70159 1.87927
-3.45102 1.7426
-3.45102 1.83371
-3.38269 1.5148
-3.22323 1.69704
-3.38269 1.69704
-3.29157 1.83371
-3.29157 1.92483
-3.22323 1.97039
-3.22323 1.87927
-3.22323 1.78815
-3.08224 1.59669
-3.07813 1.42309
-3.02309 1.4742
-2.94461 1.40308
-2.94125 1.27838
-2.88467 1.17744
-2.80949 1.37069
-2.79901 1.46241
-2.6968 1.56462
-2.73231 1.49907
-2.84226 1.5371
-2.88923 1.56
-2.92874 1.4742
-2.97698 1.62379
-2.90433 1.60593
-2.83599 1.7426
-2.90433 2.24374
-2.90433 2.33485
-2.8226 2.4452
-2.83599 2.2893
-2.74487 1.78815
-2.74487 1.69704
-2.83599 1.66071
-2.82461 1.59692
-2.63038 1.7691
-2.62997 2.25651
-2.51708 2.2893
-2.51708 2.38041
-2.42597 2.42597
-2.26652 2.42597
-2.35763 2.38041
-2.42597 2.33485
-2.0993 2.02491
-1.33892 1.97532
-2.35763 1.65148
-1.71911 1.52902
-2.35763 1.46925
-2.42597 1.5148
-2.42597 1.60593
-2.51708 1.65148
-2.67654 1.1959
-2.67654 1.28702
-2.62234 1.13188
-2.58542 1.24146
-2.58542 1.33258
-2.42597 1.42369
-5.0141 2.50903
-4.99028 2.60828
-4.7362 2.52491
-5.30391 2.62416
-7.6859 1.23467
-4.5982 2.29068
