  -6.9617300e-01  -5.2850400e-02  -4.9445100e-02
   8.5092400e-01   4.2985400e-01  -4.9665900e-01
   8.8216600e-01  -1.0911700e-01  -6.8455300e-01
  -6.6334400e-01  -9.5085500e-02  -2.2573600e-02
  -9.4573700e-01  -1.0516100e-01   9.4589800e-03
  -7.2121000e-01  -8.0701500e-02   1.6013900e-01
  -8.7132900e-01   9.4256100e-02   8.8057500e-02
   4.6374600e-01   2.5221600e-01   1.8175100e-01
  -7.3556900e-01   1.6827000e-01  -1.6545700e-02
   3.6731100e-01   4.5844300e-02  -1.6266600e-01
   7.8103500e-01   4.6976000e-01  -4.6896800e-01
   8.1812700e-01   7.3710900e-02  -6.5062700e-01
   6.6980000e-01   5.4251400e-01   3.1727500e-01
   6.5499900e-01   1.8694600e-01   6.4701400e-01
   6.3202300e-01  -2.2070400e-01   5.1466600e-01
   6.4159200e-01  -5.9443000e-01   1.8969700e-01
   1.1624200e+00  -3.0931600e-01  -3.5158100e-01
   1.0550500e+00  -1.3976400e-01  -3.9783700e-01
   3.1351100e-01  -3.8997000e-01  -2.5545500e-01
   2.4426200e-01  -1.0026500e-01  -3.8081300e-01
  -7.9127700e-01  -2.7624400e-02  -1.7984500e-01
  -7.5681200e-01  -4.2460300e-02  -1.4983800e-01
   3.3256900e-01  -8.8980100e-02  -4.8329200e-01
   5.4787200e-01  -1.1295300e-01  -6.0040400e-01
   4.8393500e-01  -2.6067400e-01  -5.6357400e-01
   5.3333700e-01  -3.4894100e-01  -2.7946600e-01
  -6.8010600e-01  -8.9232100e-02  -3.1671500e-02
  -6.1437500e-01  -6.8268100e-02  -2.5287900e-02
  -7.5500500e-01  -2.6343500e-02  -4.5149900e-02
  -9.0306600e-01  -9.3058200e-02  -3.6594300e-02
  -9.9006000e-01   4.0090900e-03  -5.0866400e-02
  -8.6480400e-01  -1.1656500e-01   7.0212200e-04
  -8.5345700e-01  -1.4371700e-01  -9.6390100e-02
  -8.8323500e-01  -1.6735400e-01   3.0413400e-02
  -8.5184200e-01  -1.1263600e-01   8.7868400e-02
  -7.1376100e-01  -1.0964300e-01   4.8550700e-02
   1.7901400e-01  -1.6491400e-01   1.0280800e-01
   5.5437000e-01  -2.4374400e-01   3.4541600e-01
   4.7616300e-01  -1.3040300e-01   5.4162500e-01
   3.0045800e-01  -4.3867000e-01   1.8405000e-01
   1.6854300e-01  -1.5943900e-01   1.5434200e-01
  -8.0245400e-01  -5.4893200e-02   1.5766300e-01
  -7.9958200e-01   1.1371000e-03   1.9998300e-01
   4.7685400e-01  -3.5040900e-02   2.3194200e-01
  -7.2778900e-01  -3.0978400e-02   1.8114000e-01
  -6.6850400e-01  -1.5334400e-02   1.3809400e-01
  -6.7154000e-01  -3.3279700e-03   4.7048600e-02
  -8.2617100e-01  -8.4522300e-02   3.1318100e-02
  -9.4447900e-01  -5.7293900e-04   1.6855800e-02
  -8.2471300e-01   9.2635800e-02   4.5689000e-02
  -7.4086900e-01   1.1510400e-02   1.4503300e-02
   3.6437700e-01   4.4480900e-02   1.0058200e-01
  -6.7102900e-01   7.8520900e-03   1.4512800e-01
   5.1614500e-01   8.4848400e-02   5.2490500e-01
  -7.7128200e-01   3.2406100e-02   1.9160100e-01
  -9.1380900e-01   4.0271200e-02   1.2836400e-01
   3.6565000e-01   2.1972600e-01   4.3850600e-01
   3.1243600e-01   2.3635900e-01   1.7184700e-01
   5.7352800e-01   1.6796900e-01   6.2460200e-01
   5.2064500e-01   1.2562800e-01   2.2565200e-01
   4.7879600e-01   3.2705800e-01   1.2662400e-01
  -6.9922400e-01   1.1207700e-01   3.4043900e-02
  -7.9327100e-01   1.1649300e-01   1.4783500e-01
  -8.3465500e-01   1.6551900e-01   7.7973300e-02
  -7.2502800e-01   1.3929400e-01  -2.0832300e-02
  -9.3981200e-01   1.1771600e-01  -5.8043200e-02
  -8.6664100e-01   1.5332500e-01  -8.7923600e-02
  -8.4927700e-01   1.1308400e-01  -9.6810000e-02
  -7.9337700e-01   4.3698700e-02  -1.6266100e-01
  -8.7817900e-01   3.8235900e-02  -1.4018800e-01
  -6.6120200e-01   7.3225900e-02  -9.7728300e-02
  -6.3983100e-01   4.5459300e-02  -1.0804300e-01
   2.5260300e-01   1.3942700e-01  -2.6614300e-01
   5.3516600e-01   7.1251200e-02  -3.8714700e-01
   4.7888600e-01   1.0264900e-01  -4.8840300e-01
   3.0410200e-01   2.1874700e-01  -2.4158100e-01
   5.2963600e-01   4.4737200e-01  -4.4864700e-01
   5.6210400e-01   4.5134300e-01  -2.1054400e-01
   3.0443300e-01   2.7344200e-01  -1.0540400e-01
   7.2699800e-01   2.8308500e-01  -7.8879300e-02
   8.0268000e-01   2.9317800e-01  -2.1437100e-01
   9.1940400e-01   4.2051700e-01  -5.3085800e-01
   9.2560700e-01   2.9942200e-01  -3.3934000e-01
   8.2139800e-01   1.9276700e-01  -6.4708700e-01
   8.6422900e-01   8.6396800e-02  -6.6707700e-01
   7.1372600e-01   2.2872300e-01  -5.3502600e-01
   8.7156800e-01   1.4407600e-01  -3.9496700e-01
   1.2025200e+00   9.3854500e-02  -2.3765100e-01
   1.3533600e+00   2.6012800e-02  -2.2766400e-01
   1.2348600e+00   7.5785500e-02  -5.3991000e-01
   1.4149400e+00   9.2735000e-02  -2.9071700e-01
   1.0437400e+00   4.7649400e-01  -4.1874600e-01
   1.1598600e+00   5.6095000e-01  -1.5220300e-01
   1.1465100e+00   5.0548500e-01   3.2111400e-02
   1.0850600e+00   5.7966700e-01   1.3178000e-01
   9.1311700e-01   2.7054500e-01   1.9548300e-01
   8.9770200e-01   4.3536300e-01   6.3054200e-02
   6.5614700e-01   3.5288900e-01   3.0697400e-01
   8.7601000e-01   3.5304100e-01   5.2063100e-01
   6.6527400e-01   3.4460600e-01   5.6695500e-01
   1.0616000e+00   3.4449500e-01   5.0852000e-01
   1.2886200e+00   2.9355500e-01   3.2400300e-01
   1.0595200e+00   1.8258000e-01   6.1766700e-01
   8.6548300e-01   4.5472400e-02   6.9501200e-01
   7.3601400e-01   8.3084800e-02   6.7740100e-01
   7.7088100e-01   2.2566200e-01   6.2827800e-01
   6.5167900e-01   1.9281700e-01   3.8241600e-01
   1.1308200e+00   1.2790800e-01   2.4993500e-01
   1.1781100e+00   2.0789200e-01   3.5585100e-01
   1.3976900e+00   4.5248900e-02   3.4796800e-01
   1.3536100e+00  -1.6805300e-01   1.0839200e-01
   1.1699100e+00  -8.8336400e-02   6.8349600e-02
   6.0707300e-01  -6.0727100e-02   1.9868300e-01
   7.8520000e-01  -1.1420900e-01   5.3575200e-01
   6.6094500e-01  -1.5042400e-02   6.8470100e-01
   9.4940600e-01  -1.0831300e-01   6.5410200e-01
   1.0183600e+00  -2.0673100e-01   6.0699100e-01
   9.7814900e-01  -3.5722800e-01   5.1973000e-01
   9.5053100e-01  -5.2847600e-01   3.0696400e-01
   7.9277200e-01  -4.0545900e-01   5.5183800e-01
   6.6802400e-01  -5.0262600e-01   3.3702300e-01
   8.3412300e-01  -2.9613300e-01   2.7570800e-01
   7.2648200e-01  -3.6369400e-01   1.6108900e-01
   9.8105000e-01  -5.2422900e-01   2.6486000e-01
   1.2361300e+00  -3.6839300e-01   2.6144900e-01
   1.0707600e+00  -5.2744200e-01  -1.3475700e-01
   1.0531900e+00  -3.6712200e-01  -2.0258800e-01
   1.3500600e+00  -1.0532200e-01  -2.0552000e-01
   1.2987600e+00  -1.8159100e-01  -2.9575800e-01
   9.8426500e-01  -2.2767100e-02  -1.8700400e-01
   9.5137200e-01  -3.8573400e-01  -1.3394300e-01
   9.6763300e-01  -5.2419000e-01  -3.1383500e-02
   6.5796700e-01  -5.4361900e-01  -2.8841900e-01
   8.5374400e-01  -3.2239500e-01  -3.8080200e-01
   6.4535000e-01  -2.1477600e-01  -6.3907300e-01
   6.6880100e-01  -1.0572500e-01  -6.7693600e-01
   8.0431800e-01  -1.3551300e-01  -6.7602300e-01
   1.1555700e+00  -8.8554400e-03  -5.0087000e-01
   1.0505400e+00  -1.9002000e-01  -5.4654700e-01
   1.1440200e+00  -3.9713900e-01  -4.4184300e-01
