-0.696173 -0.0528504 -0.0494451
0.610173 -0.168359 -0.629699
-0.715072 -0.146203 0.0465685
0.300134 -0.11143 0.284491
0.368918 -0.158938 0.386518
0.431856 0.187846 0.547107
-0.640743 0.000351035 0.101425
0.410242 0.444414 -0.0796806
0.324682 0.0062737 -0.230098
0.439691 -0.0243243 -0.415886
0.850924 0.429854 -0.496659
0.95857 0.333369 -0.457285
0.690468 0.179934 -0.419951
0.703376 0.399126 -0.0120138
0.98127 0.331895 0.147147
1.09484 -0.621757 0.0599775
1.15672 -0.133175 0.565426
0.658029 -0.123979 0.667893
1.1407 -0.381481 -0.104902
1.26346 -0.0957395 -0.437095
0.882166 -0.109117 -0.684553
-0.814934 -0.104356 -0.164913
-0.865716 -0.0410125 -0.149027
-0.697152 -0.0335079 -0.147061
-0.820684 -0.0298298 -0.196657
0.32094 -0.091054 -0.180451
0.469023 -0.110577 -0.150119
0.452789 -0.112671 -0.359969
0.512979 -0.309269 -0.539462
0.326288 -0.214636 -0.451449
-0.663344 -0.0950855 -0.0225736
-0.694613 -0.0929736 -0.0269461
-0.669572 -0.090871 -0.11527
-0.67472 -0.0850818 -0.0550241
0.294107 -0.0521203 -0.0142569
-0.780966 -0.0369052 -0.102496
-0.900765 -0.0599126 -0.0871967
-0.763488 -0.108418 -0.145629
-0.820705 -0.139792 -0.13885
-0.783875 -0.172366 -0.0473977
-0.945737 -0.105161 0.00945898
-0.909435 -0.115209 0.0215551
-0.83843 -0.0925924 0.0506986
-0.733463 -0.12489 0.0462263
0.3304 -0.442478 0.10364
0.302807 -0.462754 0.138122
-0.68735 -0.14568 0.0665044
-0.765615 -0.0933241 0.168393
-0.880771 -0.0904761 0.0953014
-0.826215 -0.0560287 0.166729
-0.72121 -0.0807015 0.160139
0.269135 -0.0882823 0.371507
0.371772 -0.0402529 0.429555
0.570888 -0.0295311 0.650581
-0.765555 -0.064866 0.1535
0.322451 -0.0590485 0.0156015
-0.818341 -0.0740381 0.0120185
-0.914449 -0.0575174 0.0203085
-0.960401 -0.0756635 0.00741876
-0.959305 0.0115268 0.0588429
-0.871329 0.0942561 0.0880575
-0.848028 0.0928518 0.073968
0.12253 0.0120136 0.0809144
-0.67227 -0.0094824 0.117277
-0.754569 0.0719218 0.176313
-0.766187 -0.0281362 0.191275
-0.873368 0.0166805 0.183214
-0.825215 0.0179484 0.197103
0.4241 0.228383 0.290399
-0.743013 0.113355 0.144886
0.463746 0.252216 0.181751
0.526894 0.219173 0.581299
0.547848 0.270437 0.47374
0.582129 0.588231 0.12079
0.439093 0.545086 0.0738337
-0.716552 0.10488 0.130295
-0.816169 0.100519 0.10825
-0.860183 0.161607 0.0681668
-0.898592 0.168438 0.0275265
0.184017 0.290861 0.0159369
-0.735569 0.16827 -0.0165457
-0.948893 0.0823545 -0.0904296
-0.725529 0.138774 -0.110245
-0.80354 -0.0244202 -0.195962
-0.894731 -0.0234782 -0.14466
-0.71572 0.0218478 -0.122192
-0.635593 0.04534 -0.104276
-0.693927 0.0226363 -0.0732682
0.331005 0.0463043 -0.122973
0.478427 0.025124 -0.109068
0.367311 0.0458443 -0.162666
0.268176 -0.0177769 -0.399249
0.422215 0.127243 -0.565206
0.453337 0.176948 -0.361864
0.481689 0.335201 -0.408866
0.276564 0.357705 -0.261302
0.559145 0.304996 -0.246309
0.215948 0.334533 -0.023641
0.796768 0.341122 -0.436696
0.719033 0.623877 -0.185182
0.781035 0.46976 -0.468968
0.671968 0.47009 -0.494867
0.70567 0.0843879 -0.657967
0.785645 0.0218596 -0.695939
0.605458 0.185038 -0.634965
0.644749 0.276627 -0.581119
0.615583 0.102143 -0.579541
0.809948 0.0498637 0.093434
1.22731 0.190775 0.0687226
1.17579 0.168027 -0.111371
0.818127 0.0737109 -0.650627
1.03583 -0.0223091 -0.584052
0.848 0.366968 -0.416418
1.11021 0.296799 -0.254057
0.954624 0.442231 -0.198346
0.93223 0.642926 -0.0138867
0.815335 0.578356 -0.0316412
1.02766 0.426464 0.19033
0.814759 0.383335 0.177204
0.798758 0.467271 0.248849
0.6698 0.542514 0.317275
0.623182 0.411117 0.378886
0.68231 0.32409 0.589976
0.777297 0.529153 0.429317
0.805384 0.470023 0.504574
1.1142 0.438473 0.361983
0.897117 0.0146617 0.692375
0.899211 0.035513 0.689259
0.728167 0.0250604 0.693043
0.686972 0.0527426 0.672028
0.654999 0.186946 0.647014
0.788376 0.123465 0.219333
1.12218 0.0905606 0.411909
1.13542 0.311208 0.114002
1.16546 0.00926166 0.328955
1.38172 0.168132 0.348551
1.39686 -0.0357074 0.0264384
1.43979 -0.0561549 0.257324
1.1745 -0.164108 0.251969
1.05953 -0.0852588 0.268197
0.632023 -0.220704 0.514666
0.768181 -0.229719 0.637879
0.817219 -0.0617692 0.614068
0.98311 -0.125704 0.570446
1.35869 -0.0481597 0.276392
1.12318 -0.469218 0.276307
0.859794 -0.440515 0.409595
0.761361 -0.432763 0.533179
0.703662 -0.610677 0.324263
0.604612 -0.393507 0.360911
0.641592 -0.59443 0.189697
0.862672 -0.583609 0.187014
0.868689 -0.387624 -0.0370028
1.14955 -0.277069 -0.00631868
0.973838 -0.505139 0.2181
1.35431 -0.288783 -0.298564
1.29119 -0.382204 -0.182582
1.30927 -0.209781 -0.261671
1.47611 -0.145942 -0.0400075
1.35907 -0.0934808 -0.144931
1.16242 -0.309316 -0.351581
1.09288 -0.0900528 -0.280087
1.10041 -0.322035 -0.170965
0.831983 -0.427099 -0.296474
0.796621 -0.632403 -0.0453549
0.876253 -0.56527 -0.363586
0.597763 -0.498944 -0.360635
0.814152 -0.398444 -0.560205
0.831048 -0.0810839 -0.69135
0.730007 -0.0580779 -0.681449
1.05505 -0.139764 -0.397837
0.896506 -0.0674757 -0.667733
1.11527 -0.15001 -0.467093
1.0577 -0.191653 -0.609423
0.995575 -0.2654 -0.617267
0.261783 -0.2207 -0.361365
0.299605 -0.238536 -0.386785
0.301175 -0.300921 -0.330286
0.330072 -0.198588 -0.436865
0.319214 -0.311268 -0.155129
0.313511 -0.38997 -0.255455
0.290569 -0.255569 -0.328341
0.198679 -0.222538 -0.180779
0.190865 -0.154171 -0.264602
-0.921103 -0.0847418 -0.13244
-0.884453 -0.0788591 -0.156448
-0.868746 -0.107145 -0.151178
-0.836869 -0.107187 -0.163588
-0.76077 -0.120211 -0.140839
0.247589 -0.142263 -0.386042
0.244262 -0.100265 -0.380813
0.20597 -0.129785 -0.171512
-0.794872 -0.0804232 -0.172191
-0.772168 -0.0932884 -0.164605
-0.829865 -0.0500276 -0.179465
-0.820219 -0.0573144 -0.180784
-0.819128 -0.0454472 -0.178724
-0.811395 -0.0630813 -0.171477
-0.881704 -0.0142054 -0.152404
-0.864256 -0.00366845 -0.147671
-0.791277 -0.0276244 -0.179845
-0.847439 -0.0145354 -0.181505
-0.779342 -0.0325529 -0.195094
0.175732 -0.0247433 -0.237435
0.33126 -0.039434 -0.404315
-0.773359 -0.00397564 -0.193793
-0.713473 -0.0141411 -0.16441
-0.672746 -0.0132659 -0.143682
-0.771044 -0.0578991 -0.138321
-0.681678 -0.04211 -0.146561
-0.756812 -0.0424603 -0.149838
0.290772 -0.0548357 -0.396951
-0.710446 -0.0407689 -0.159567
0.370175 -0.205314 -0.492454
0.344925 -0.207025 -0.410619
0.444584 -0.228432 -0.405301
0.382656 -0.197706 -0.369358
0.395332 -0.0358159 -0.27665
0.426495 -0.062628 -0.418613
0.383515 -0.141571 -0.480825
0.332569 -0.0889801 -0.483292
0.446596 -0.0126062 -0.602145
0.537395 -0.0747137 -0.600055
0.515062 0.000529705 -0.614725
0.503289 -0.0708727 -0.579937
0.556759 -0.0431088 -0.560017
0.477912 -0.0366121 -0.515256
0.530425 -0.191842 -0.252458
0.515613 -0.181001 -0.400769
0.584801 -0.0880697 -0.487918
0.547872 -0.112953 -0.600404
0.495222 -0.227888 -0.533793
0.54674 -0.265732 -0.584414
0.593063 -0.31701 -0.511486
0.540982 -0.335136 -0.553667
0.553633 -0.366093 -0.482343
0.456513 -0.350316 -0.448799
0.462817 -0.328881 -0.514317
0.524098 -0.309266 -0.439563
0.448676 -0.272518 -0.496334
0.483935 -0.260674 -0.563574
0.428122 -0.228793 -0.319555
0.474889 -0.2799 -0.266603
0.496625 -0.452142 -0.412692
0.453748 -0.524169 -0.156713
0.501384 -0.504847 -0.155227
0.598752 -0.623985 -0.216826
0.544208 -0.569884 -0.239482
0.591324 -0.480448 -0.395061
0.540189 -0.236126 -0.166639
0.533337 -0.348941 -0.279466
0.500679 -0.290992 -0.0680308
0.220609 -0.144435 -0.069901
0.408017 -0.309099 -0.095731
0.28671 -0.327447 -0.112394
-0.720945 -0.126081 -0.0703488
0.218494 -0.186887 -0.0614701
-0.741973 -0.118983 -0.0799086
0.176967 -0.11723 -0.0803912
-0.750158 -0.0800809 -0.097585
-0.680106 -0.0892321 -0.0316715
-0.686311 -0.0910891 -0.0355991
-0.645674 -0.0918457 -0.0515434
-0.692832 -0.12882 -0.00694713
-0.648952 -0.0936864 -0.0590183
0.425352 -0.446721 -0.0324079
0.512122 -0.636309 -0.0214749
0.414538 -0.355239 -0.0237542
0.30782 -0.343561 -0.0310885
0.423473 -0.110879 -0.0243711
-0.614375 -0.0682681 -0.0252879
-0.632697 -0.0534501 -0.0535021
-0.629307 -0.0659178 -0.0688794
0.362049 -0.043771 -0.0931832
-0.642923 -0.0133506 -0.116922
0.373772 -0.0133959 -0.107881
0.408138 -0.0195533 -0.0824461
0.176122 -0.00359013 -0.0352535
-0.622658 -0.00252805 -0.0533303
-0.648058 -0.041113 -0.0140763
-0.755005 -0.0263435 -0.0451499
-0.685661 -0.00409467 -0.101332
-0.683608 -0.0406153 -0.128122
-0.682294 -0.0145696 -0.127817
-0.692869 -0.0412074 -0.110739
-0.711097 -0.0513449 -0.115832
-0.652193 -0.0535245 -0.100914
-0.75392 -0.0416451 -0.0387914
-0.741676 -0.0716298 -0.0158295
-0.811165 -0.0406725 -0.0301743
-0.903066 -0.0930582 -0.0365943
-0.896918 -0.0405073 -0.0518076
-0.791116 -0.0788273 -0.0683678
-0.896899 -0.0086506 -0.130733
-0.856866 -0.0201081 -0.0735026
-0.896068 -0.00869297 -0.0248209
-0.879358 -0.0139812 -0.0047636
-0.856586 -0.0285382 0.00753931
-0.974321 -0.0146827 0.00909521
-0.959524 -0.0014544 -0.00402836
-0.99006 0.00400909 -0.0508664
-0.906558 -0.0162763 -0.0982054
-0.942012 -0.0232192 -0.107972
-0.940311 -0.0978476 -0.102146
-0.926786 -0.0937499 -0.0890664
-0.958788 -0.032564 -0.0562903
-0.965063 -0.076216 0.00826901
-0.914294 -0.0723306 -0.0372353
-0.947039 -0.0993036 -0.0322278
-0.931783 -0.102494 0.00594136
-0.864804 -0.116565 0.000702122
-0.836783 -0.128138 -0.0398318
-0.796038 -0.119075 -0.0436174
-0.803345 -0.102134 -0.0957581
-0.880169 -0.103447 -0.0977477
-0.883333 -0.100012 -0.102599
-0.918612 -0.118641 -0.0908389
-0.899396 -0.124559 -0.0520834
-0.857849 -0.151818 -0.11351
-0.88579 -0.15732 -0.0870597
-0.853457 -0.143717 -0.0963901
-0.819898 -0.142009 -0.110403
-0.760108 -0.137712 -0.110784
-0.804343 -0.176457 -0.0133489
-0.786597 -0.181681 -0.0756638
-0.804372 -0.19682 -0.0289801
-0.823915 -0.185989 -0.0427017
-0.837272 -0.141001 -0.027239
-0.888978 -0.177318 0.0218806
-0.865696 -0.173411 0.0254016
-0.883235 -0.167354 0.0304134
-0.890723 -0.161245 0.0699728
-0.870679 -0.134067 0.0982597
-0.887535 -0.137792 0.0909005
-0.878872 -0.104307 0.078047
-0.929221 -0.133082 0.0321142
-0.87802 -0.157216 0.0696286
-0.833563 -0.142432 0.0195211
-0.861078 -0.140477 0.00946231
-0.819936 -0.120578 0.0206252
-0.851842 -0.112636 0.0878684
-0.810976 -0.120516 0.115734
-0.833305 -0.155016 0.10641
-0.829697 -0.166632 0.10536
-0.838328 -0.143321 0.0449871
-0.854406 -0.167344 0.0429605
-0.856844 -0.183595 0.0101107
-0.809734 -0.120651 0.0255907
-0.793366 -0.130098 0.0396995
-0.714116 -0.111541 0.0579053
-0.713761 -0.109643 0.0485507
-0.672333 -0.120124 0.0104585
-0.697613 -0.131409 0.0686257
0.296903 -0.293931 0.017911
0.29307 -0.382761 0.0348385
0.587907 -0.62201 0.0321051
0.589412 -0.627524 0.11897
0.557238 -0.478419 0.0823154
0.380018 -0.444822 0.0989009
0.437694 -0.257899 0.105831
0.179014 -0.164914 0.102808
-0.760351 -0.102826 0.0977793
-0.758219 -0.109468 0.1184
-0.774937 -0.119191 0.0759262
-0.773861 -0.141106 0.111403
-0.738099 -0.151117 0.100145
0.41623 -0.42807 0.206718
0.469409 -0.481045 0.32711
0.442608 -0.35062 0.392108
0.438627 -0.303393 0.378472
0.55437 -0.243744 0.345416
0.54558 -0.335322 0.361585
0.585354 -0.365537 0.352549
0.583165 -0.368125 0.147782
0.528085 -0.413712 0.239172
0.602614 -0.324562 0.508638
0.597616 -0.338147 0.559965
0.577839 -0.259507 0.609415
0.510361 -0.115689 0.532893
0.497621 -0.113026 0.60519
0.476163 -0.130403 0.541625
0.484607 -0.255455 0.565648
0.401867 -0.278388 0.440612
0.483962 -0.313549 0.4593
0.486286 -0.383098 0.473525
0.352809 -0.289923 0.447689
0.399981 -0.221147 0.324976
0.346896 -0.209327 0.466952
0.340743 -0.310404 0.312505
0.311049 -0.264936 0.288976
0.300458 -0.43867 0.18405
0.326523 -0.391006 0.208728
0.393951 -0.322298 0.277532
0.401792 -0.498293 0.126204
-0.75544 -0.123782 0.130286
-0.788557 -0.121797 0.1212
-0.811195 -0.118882 0.122993
-0.814712 -0.126265 0.12678
-0.887295 -0.0997575 0.146579
-0.833325 -0.112235 0.14719
0.168543 -0.159439 0.154342
0.209669 -0.113416 0.324185
0.320171 -0.203175 0.38724
0.278716 -0.188876 0.397129
-0.808314 -0.0446637 0.192459
-0.808543 -0.0988195 0.161445
-0.845647 -0.0378973 0.189938
-0.877004 -0.0524197 0.165736
-0.851494 -0.0867763 0.149541
-0.831563 -0.0958259 0.155225
-0.802454 -0.0548932 0.157663
-0.7786 -0.0446727 0.154026
-0.768368 -0.0381517 0.143002
-0.845049 -0.0176332 0.193726
-0.852495 -0.0124224 0.171648
-0.894406 -0.00279065 0.150003
-0.899867 0.00387745 0.158118
-0.908188 -0.00973727 0.153236
-0.81587 -0.00547133 0.198961
-0.806079 -0.0306848 0.196186
-0.799582 0.0011371 0.199983
-0.799287 -0.0184988 0.197045
-0.777646 -0.0244368 0.196657
-0.756421 -0.00829149 0.192967
-0.767015 -0.0102925 0.194758
-0.759842 -0.0103077 0.192297
0.431894 -0.0218017 0.565701
0.449608 -0.0457604 0.488216
0.587687 -0.0591314 0.415365
0.442448 -0.041938 0.547725
0.476854 -0.0350409 0.231942
0.44766 -0.0349491 0.557646
-0.713628 -0.0124475 0.169839
-0.71889 -0.0188833 0.15952
-0.726362 -0.0527295 0.176564
0.592669 -0.0854629 0.172973
-0.725944 -0.0962585 0.15868
-0.751948 -0.0919756 0.167823
-0.757885 -0.0671898 0.145964
-0.751023 -0.0487377 0.18729
-0.727789 -0.0309784 0.18114
-0.746721 -0.046772 0.185507
-0.700168 -0.0220337 0.114489
-0.702101 -0.00443171 0.0941756
-0.682369 -0.0261624 0.142206
-0.719571 -0.0956251 0.125122
-0.677657 -0.0609348 0.1097
-0.66402 -0.0731945 0.092789
-0.676865 -0.0442877 0.142904
-0.63722 -0.0275602 0.11139
-0.668504 -0.0153344 0.138094
0.361719 0.00226901 0.0925977
-0.628819 -0.00550168 0.062426
-0.621067 -0.0124573 0.039919
0.354252 -0.0153081 0.0553398
0.320329 -0.0561155 0.0349012
-0.652044 -0.0303623 0.0459756
-0.685799 -0.0657741 0.0858066
-0.692203 -0.0215668 0.047767
-0.681654 -0.00800521 0.0613549
-0.67154 -0.00332797 0.0470486
-0.74226 -0.025897 0.0860457
-0.749112 -0.0399265 0.0550647
-0.730202 -0.010102 0.0997714
-0.739783 -0.000112246 0.128437
-0.84776 -0.0198296 0.136849
-0.800454 -0.0713 0.0975905
-0.768994 -0.0492854 0.141299
-0.749171 -0.081314 0.0869855
-0.868645 -0.0524349 0.0866788
-0.826171 -0.0845223 0.0313181
-0.949679 -0.0673236 0.0213825
-0.925994 -0.0845854 0.0262408
-0.954125 -0.0850603 0.0479132
-0.884926 -0.0902003 0.0609545
-0.870694 -0.0500742 0.0998469
-0.915811 -0.00282643 0.12132
-0.930414 -0.0114821 0.12186
-0.955443 -0.0156933 0.0608114
-0.934697 -0.0195507 0.0196125
-0.944479 -0.000572939 0.0168558
-0.955646 0.00918393 0.0687869
-0.97249 0.0347214 0.0297882
-0.893598 0.0496838 0.0731572
-0.917749 0.00666014 0.090986
-0.90859 0.0950379 0.116561
-0.969552 0.0739877 0.0717841
-0.948149 0.062718 0.0565135
-0.903259 0.0667737 0.0154652
-0.968887 0.0808711 0.00489951
-0.824713 0.0926358 0.045689
-0.863506 0.0716642 0.0825262
-0.76625 0.0647177 0.0908477
-0.780095 0.0821922 0.126328
-0.867565 0.0500614 0.111597
-0.888951 0.0404705 0.122053
-0.866524 0.038564 0.100084
-0.869082 0.0233618 0.0981684
-0.888708 0.00558016 0.0669134
-0.842291 0.0339698 0.0828433
-0.740869 0.0115104 0.0145033
-0.705295 0.00457392 0.0258734
-0.723029 0.0864704 0.0482183
-0.722453 0.0938482 0.018642
-0.676182 0.0710044 0.0550707
0.403704 0.0641462 0.0383554
-0.648889 0.0623497 0.0579695
-0.61914 0.0303148 0.0595188
0.414617 0.013571 0.0718339
-0.641793 0.0312345 0.0733445
0.364377 0.0444809 0.100582
0.406806 0.080301 0.0834788
-0.673805 0.0916816 0.0921176
-0.663019 0.10636 0.0810252
-0.765302 0.0990261 0.115252
-0.678474 0.0721978 0.0908212
-0.74318 0.0633203 0.107265
-0.712 0.0580155 0.0799365
-0.675894 0.0352186 0.100399
-0.692256 0.020001 0.13539
-0.671029 0.00785209 0.145128
-0.744583 0.0691393 0.151845
-0.731482 0.0836703 0.126733
0.1681 0.107246 0.1352
0.51165 0.08433 0.168453
0.407743 0.0823607 0.159564
0.117189 0.0562114 0.139783
0.542651 0.00853761 0.171209
0.443619 0.0182642 0.536344
0.426444 0.0771392 0.294183
0.516145 0.0848484 0.524905
0.541553 0.0903177 0.633042
0.427299 0.107719 0.492862
0.310277 0.0818389 0.362738
0.256391 0.0955846 0.408386
0.414098 0.0594393 0.362965
0.357515 0.0294057 0.203739
0.227732 0.026514 0.37847
-0.745738 0.0061566 0.18835
-0.747109 0.00484996 0.192595
-0.771282 0.0324061 0.191601
-0.79471 0.0209705 0.193941
-0.911255 0.0341853 0.145391
-0.875338 0.0283789 0.141976
-0.813847 0.0195912 0.144824
-0.759664 0.0356086 0.142255
-0.812685 0.0361346 0.188311
-0.790488 0.0562594 0.127688
-0.834563 0.0842438 0.128031
-0.862447 0.0464529 0.13971
-0.913809 0.0402712 0.128364
-0.901576 0.0432324 0.14258
-0.871514 0.0542608 0.165069
-0.858386 0.0854236 0.165538
-0.849989 0.0832074 0.161583
-0.754837 0.0554201 0.171177
-0.845073 0.0429973 0.189435
0.454659 0.122003 0.568064
0.42445 0.152909 0.510838
0.413374 0.208515 0.457693
0.36565 0.219726 0.438506
0.244714 0.230621 0.291602
0.288416 0.174285 0.32427
0.41015 0.230231 0.206411
0.454245 0.159456 0.395527
0.466992 0.198624 0.177617
0.466442 0.391215 0.165236
0.395651 0.340615 0.156353
0.3568 0.467586 0.191471
0.208538 0.293515 0.21413
0.312436 0.236359 0.171847
0.312281 0.237197 0.402682
0.257905 0.269085 0.236513
0.355537 0.371265 0.312067
0.442737 0.245291 0.539115
0.470537 0.2516 0.543467
0.495782 0.262241 0.570795
0.540563 0.418752 0.424189
0.53413 0.234853 0.468616
0.537098 0.130294 0.520979
0.573528 0.167969 0.624602
0.586514 0.191432 0.572653
0.586948 0.31928 0.524192
0.552714 0.349981 0.537433
0.551693 0.319935 0.492088
0.573712 0.580212 0.207325
0.529641 0.444891 0.353653
0.525782 0.277615 0.252065
0.564056 0.129344 0.379621
0.575146 0.181912 0.322057
0.520645 0.125628 0.225652
0.51393 0.169389 0.378729
0.477254 0.221106 0.390637
0.503217 0.515493 0.247657
0.51297 0.490499 0.292683
0.258925 0.192151 0.0901403
0.198168 0.208882 0.0967804
0.158475 0.121657 0.101339
-0.676446 0.110026 0.0984255
0.421314 0.260653 0.0941618
0.478796 0.327058 0.126624
0.539626 0.407155 0.0822742
0.353949 0.428554 0.115045
0.490122 0.616309 0.0829197
0.381415 0.417139 0.0229585
0.40037 0.359459 0.0541075
0.27324 0.22811 0.0569724
0.292968 0.207442 0.019266
0.598572 0.112076 0.0241335
-0.706328 0.132082 0.033195
-0.699224 0.112077 0.0340439
-0.707029 0.151034 0.0119723
-0.694073 0.15689 0.0618553
0.141518 0.19349 0.0760116
-0.720437 0.16144 0.023542
-0.767313 0.182885 0.0409266
-0.75317 0.182269 0.0468211
-0.765835 0.173613 0.0823904
-0.777318 0.136512 0.054135
-0.742876 0.109883 0.146941
-0.793271 0.116493 0.147835
-0.752203 0.117519 0.140519
-0.811661 0.135736 0.132575
-0.778286 0.111676 0.10844
-0.905208 0.133015 0.0496839
-0.871317 0.123305 0.115258
-0.884201 0.131081 0.124739
-0.849907 0.121415 0.147354
-0.863685 0.121187 0.131658
-0.851393 0.135452 0.114062
-0.834655 0.165519 0.0779733
-0.822543 0.137599 0.0769021
-0.816592 0.133792 0.0756513
-0.917049 0.145029 0.0173464
-0.840971 0.180015 -0.0177005
-0.804497 0.184811 -0.0211636
-0.956777 0.121982 -0.0169347
-0.913881 0.101454 -0.00483966
-0.764147 0.08531 0.00301733
-0.670983 0.0916248 0.00255531
-0.725028 0.139294 -0.0208323
-0.754864 0.150654 0.00366129
-0.78464 0.172902 -0.00994764
-0.681602 0.129826 -0.0433816
-0.776134 0.184117 -0.0406465
-0.709596 0.124501 -0.0271178
-0.703898 0.108957 -0.0530498
-0.664458 0.0933017 -0.0396421
-0.821654 0.113696 -0.0487961
-0.958444 0.0968478 -0.0585203
-0.939812 0.117716 -0.0580432
-0.901965 0.119695 -0.052028
-0.868758 0.126761 -0.0334856
-0.817004 0.149375 -0.0813562
-0.814691 0.177795 -0.0658683
-0.793156 0.17563 -0.0620686
-0.740285 0.164738 -0.0609984
-0.76798 0.139527 -0.114331
-0.761504 0.132344 -0.144464
-0.80479 0.139505 -0.123603
-0.866641 0.153325 -0.0879236
-0.891265 0.153278 -0.0889144
-0.89124 0.112118 -0.137644
-0.868649 0.0891417 -0.160872
-0.843261 0.0891112 -0.129557
-0.812778 0.128292 -0.143812
-0.758156 0.0984522 -0.134728
-0.796533 0.0985805 -0.129317
-0.75755 0.117223 -0.118362
-0.819206 0.0883871 -0.121308
-0.849277 0.113084 -0.09681
-0.862035 0.127955 -0.100797
-0.778297 0.0465411 -0.144309
-0.855854 0.0619368 -0.139773
-0.766288 0.0825462 -0.125737
-0.711563 0.0645191 -0.135987
-0.716494 0.0459146 -0.15101
-0.744522 0.079948 -0.145728
-0.747509 0.0635385 -0.153433
-0.773894 0.0846288 -0.172866
-0.793377 0.0436987 -0.162661
-0.785916 0.0222269 -0.190598
-0.848202 0.00804078 -0.184372
-0.761554 0.0225356 -0.193035
-0.73755 0.0287849 -0.184907
-0.734721 0.0202191 -0.184728
-0.680203 0.0205875 -0.141691
-0.690306 0.0122804 -0.126203
-0.715415 0.0282108 -0.12737
-0.753854 0.0284402 -0.132299
-0.878179 0.0382359 -0.140188
-0.930919 0.0368082 -0.114988
-0.950805 0.00704104 -0.0861606
-0.895316 0.0445679 -0.0235114
-0.97647 0.021672 -0.0137678
-0.97671 0.0542809 -0.0521042
-0.87634 0.0729365 -0.0379406
-0.87572 0.0579334 -0.0796346
-0.783575 0.0611742 -0.0939599
-0.878481 0.0618115 -0.10675
-0.661202 0.0732259 -0.0977283
-0.757304 0.0700746 -0.122736
-0.735599 0.0814829 -0.0363847
-0.700123 0.0671385 -0.00685258
-0.665192 0.0743838 -8.17392e-05
-0.700169 0.0589166 -0.0453995
-0.716608 0.0641306 -0.0805826
-0.679715 0.0308002 -0.0925476
-0.667968 0.0299103 -0.103225
-0.692632 0.0375657 -0.114445
-0.639831 0.0454593 -0.108043
0.213271 0.0514339 -0.230001
-0.652589 0.050408 -0.0963394
-0.643824 0.0282049 -0.0957805
-0.614467 0.0516631 -0.0374057
0.122772 0.141694 -0.0285118
0.136273 0.206906 -0.061063
0.235375 0.123876 -0.28318
0.222486 0.142076 -0.29592
0.414194 0.165096 -0.262706
0.252603 0.139427 -0.266143
0.60476 0.153958 -0.166717
0.265803 0.198115 -0.110946
0.555272 0.144814 -0.020385
0.541169 0.0217523 -0.0301898
0.292731 0.115337 -0.0661542
0.59187 0.0232727 -0.106217
0.332441 0.122213 -0.213756
0.378714 0.0725135 -0.272097
0.483848 0.013711 -0.405124
0.535166 0.0712512 -0.387147
0.389802 0.0360609 -0.321578
0.185819 0.0706607 -0.316836
0.364181 0.00495436 -0.425496
0.374263 0.00441446 -0.502431
0.450929 0.0441874 -0.516536
0.597652 0.016605 -0.575399
0.460913 0.0400815 -0.565251
0.535367 0.197907 -0.414535
0.50999 0.193502 -0.589917
0.478886 0.102649 -0.488403
0.448698 0.200436 -0.457843
0.386448 0.141657 -0.512316
0.252608 0.106595 -0.380613
0.263671 0.183342 -0.301621
0.378565 0.129249 -0.385673
0.480027 0.0888413 -0.298171
0.44944 0.0713618 -0.31847
0.337944 0.349755 -0.357859
0.425021 0.346715 -0.292727
0.304102 0.218747 -0.241581
0.303734 0.322992 -0.316439
0.355947 0.259211 -0.445309
0.486569 0.326765 -0.370024
0.496957 0.314275 -0.51729
0.585958 0.257733 -0.53907
0.593863 0.333492 -0.549348
0.602888 0.37953 -0.450255
0.597216 0.373278 -0.547808
0.543057 0.353588 -0.52885
0.529636 0.447372 -0.448647
0.398375 0.392238 -0.380396
0.33823 0.430559 -0.223543
0.370336 0.370899 -0.360802
0.483329 0.471403 -0.295983
0.60042 0.557576 -0.272076
0.506119 0.496187 -0.369284
0.551279 0.507556 -0.165759
0.480586 0.573833 -0.16636
0.489447 0.47866 -0.131998
0.562104 0.451343 -0.210544
0.422528 0.325507 -0.165219
0.165577 0.238562 -0.154839
0.194258 0.253276 -0.179135
0.328539 0.266711 -0.124132
0.329149 0.442466 -0.142359
0.403185 0.391663 -0.141752
0.395525 0.525361 -0.0672802
0.374498 0.455006 -0.0136748
0.326131 0.393739 -0.0216534
0.304433 0.273442 -0.105404
0.309146 0.215768 -0.105246
0.462588 0.210412 -0.0129515
0.44088 0.268703 -0.00342383
0.549831 0.362743 -0.0498441
0.528649 0.611304 -0.0483103
0.530059 0.632996 -0.0107464
0.745099 0.50582 -0.0724715
0.626005 0.529239 -0.210603
0.669719 0.33987 0.0128966
0.726998 0.283085 -0.0788793
0.856124 0.554909 -0.137107
0.929127 0.615855 0.010319
0.865631 0.632215 -0.192271
0.794206 0.69439 -0.0102048
0.822437 0.677449 -0.1523
0.832681 0.642354 -0.233622
0.902173 0.50838 -0.236219
0.878854 0.500766 -0.279851
0.796068 0.47079 -0.285103
0.80268 0.293178 -0.214371
0.792039 0.476421 -0.318168
0.605006 0.482666 -0.297228
0.671733 0.532431 -0.321212
0.648837 0.604407 -0.227353
0.642931 0.572686 -0.324011
0.786432 0.425045 -0.345103
0.74261 0.56442 -0.366458
0.787355 0.453606 -0.333242
0.924797 0.37835 -0.338522
0.919404 0.420517 -0.530858
0.921039 0.403495 -0.482641
0.762189 0.400388 -0.455294
0.692277 0.399626 -0.548448
0.641631 0.426294 -0.384699
0.676545 0.296925 -0.584755
0.612512 0.336896 -0.533623
0.791327 0.312543 -0.563107
0.794775 0.346797 -0.579507
0.841076 0.349399 -0.552379
0.925607 0.299422 -0.33934
0.887975 0.267263 -0.377152
0.85531 0.37452 -0.446643
0.679704 0.302083 -0.370315
0.733237 0.309503 -0.532409
0.623418 0.158451 -0.629866
0.678985 0.153359 -0.613784
0.817174 0.224537 -0.634859
0.83941 0.125801 -0.645488
0.826289 0.246891 -0.651064
0.821398 0.192767 -0.647087
0.798302 0.142665 -0.679509
0.773248 0.200513 -0.668684
0.654444 0.0978107 -0.674889
0.74066 0.0451221 -0.692086
0.726093 0.0319747 -0.688943
0.801569 0.0316516 -0.699172
0.833489 0.0802286 -0.688516
0.84815 0.0712755 -0.692671
0.898465 0.0853758 -0.680895
0.864229 0.0863968 -0.667077
0.772876 0.0900998 -0.688311
0.691298 0.0940579 -0.680322
0.63768 0.0820336 -0.657779
0.70103 0.0544639 -0.613309
0.611487 0.0402672 -0.416879
0.729381 0.062909 -0.352745
0.646041 0.0772001 0.0178398
0.646821 0.2547 0.0186264
0.807005 0.262761 -0.387268
0.713726 0.228723 -0.535026
0.629818 0.258701 -0.58305
0.812825 0.259836 -0.605297
0.869047 0.201594 -0.590156
0.906614 0.21105 -0.553528
0.94024 0.151537 -0.526942
0.820247 0.179603 -0.284466
0.873379 0.171007 -0.151267
0.937567 0.0336793 0.0198082
0.870927 0.120709 -0.0299228
0.871568 0.144076 -0.394967
0.887442 0.0839612 -0.598293
0.861663 0.05837 -0.529666
0.978662 0.0847961 -0.216857
1.19559 0.048718 -0.0365525
1.16061 0.0856453 -0.0242986
1.15318 0.00670789 -0.0128608
1.19774 0.088106 -0.00903936
1.10652 0.253462 -0.0284689
1.33155 0.12672 -0.174733
1.20252 0.0938545 -0.237651
0.958453 0.178115 -0.22147
1.38295 0.189276 -0.189689
1.36957 0.244061 -0.249489
1.34224 0.176427 -0.150002
1.37344 0.195518 -0.126139
1.34329 0.248229 -0.0718516
1.34331 0.127977 0.0023345
1.37182 0.0502193 -0.0576651
1.42814 0.0391401 -0.155137
1.35336 0.0260128 -0.227664
1.41491 0.135699 -0.221641
1.36866 0.09028 -0.276425
1.34718 0.0538759 -0.399852
1.32026 0.00987256 -0.454989
1.22172 0.0660064 -0.418861
1.08223 0.0359237 -0.471369
0.942741 0.0889663 -0.678455
1.11663 0.0393137 -0.482352
1.21401 0.0843758 -0.492394
1.23486 0.0757855 -0.53991
1.27566 0.133945 -0.451399
1.08184 0.138832 -0.617918
1.01959 0.207429 -0.476568
0.945233 0.131326 -0.672038
0.983817 0.1125 -0.616872
1.24107 0.185614 -0.376786
1.12133 0.204404 -0.306818
1.24543 0.0914991 -0.35742
1.31367 0.19009 -0.375756
1.41494 0.092735 -0.290717
1.0064 0.255758 -0.303707
1.24188 0.391746 -0.354214
0.982855 0.310672 -0.294388
0.943232 0.311135 -0.349857
0.983877 0.302504 -0.541715
0.977476 0.303374 -0.584438
1.07707 0.366806 -0.496699
1.08438 0.335697 -0.516124
1.08608 0.269444 -0.457452
1.04374 0.476494 -0.418746
1.06131 0.479257 -0.416685
1.02934 0.402746 -0.439555
0.968873 0.474859 -0.468508
0.951902 0.534879 -0.313711
0.969721 0.44312 -0.221349
0.964074 0.507156 -0.203938
1.00554 0.508185 -0.304741
1.03949 0.543308 -0.312379
1.03974 0.537958 -0.247872
1.15986 0.56095 -0.152203
1.12523 0.507788 -0.154549
1.10731 0.439749 -0.182392
1.31869 0.35891 -0.140874
1.18083 0.358289 -0.16852
1.088 0.380553 -0.103253
1.07441 0.430598 -0.111449
0.989939 0.483217 -0.114133
1.07319 0.522265 -0.118567
1.08327 0.551628 -0.161468
1.14651 0.505485 0.0321114
1.05747 0.511983 -0.0142929
0.957796 0.478563 -0.0720523
1.15048 0.437203 -0.0813711
0.992006 0.287602 -0.0961616
1.39762 0.299788 -0.00700309
1.16623 0.335562 -0.0744628
1.32504 0.361104 -0.0871233
1.15182 0.364892 -0.0382449
1.2173 0.546348 0.0105019
1.08506 0.579667 0.13178
1.2185 0.48324 0.191274
1.07924 0.562568 0.226776
1.03117 0.503512 0.266211
1.08293 0.266174 0.287992
1.19702 0.381448 0.276953
1.30101 0.378352 0.246869
1.24142 0.262674 0.0999999
1.12491 0.290372 0.1712
1.00921 0.408323 0.119921
0.913117 0.270545 0.195483
1.01133 0.338164 0.275589
0.949741 0.311718 0.287183
0.931036 0.365079 0.296376
1.03086 0.597673 0.195057
1.01906 0.537331 0.157452
1.00807 0.547272 0.13362
0.995301 0.548104 0.087474
1.02457 0.581549 0.10254
0.804751 0.554221 0.145247
0.897702 0.435363 0.0630542
0.884175 0.43398 0.0811867
0.773842 0.380179 0.0902354
0.720652 0.257722 0.0765978
0.71908 0.357638 0.0426787
0.720994 0.359299 0.187672
0.690632 0.401804 0.177424
0.720531 0.558139 0.0740253
0.748091 0.635248 0.235367
0.759669 0.454412 0.290508
0.656147 0.352889 0.306974
0.78066 0.271728 0.317965
0.644369 0.257203 0.240325
0.822105 0.411158 0.315463
0.858746 0.40258 0.290682
0.881588 0.574233 0.316564
0.885245 0.58402 0.200356
0.856361 0.599084 0.30876
0.875939 0.418279 0.492646
0.792434 0.515328 0.359411
0.87601 0.353041 0.520631
0.788115 0.300769 0.490712
0.612553 0.256178 0.485222
0.728699 0.241989 0.337309
0.721488 0.261181 0.477454
0.678908 0.294946 0.472636
0.676003 0.421689 0.382028
0.641812 0.387013 0.543168
0.608437 0.361129 0.54798
0.617836 0.34945 0.534759
0.665274 0.344606 0.566955
0.689779 0.271031 0.572191
0.791965 0.271911 0.643367
0.730515 0.284212 0.596616
0.733743 0.3256 0.533164
0.832864 0.421776 0.5455
0.871658 0.415437 0.533066
1.01072 0.37831 0.518966
0.962882 0.41268 0.487516
1.02292 0.338644 0.543012
1.0616 0.344495 0.50852
1.14064 0.425669 0.382433
1.13401 0.427192 0.427506
1.09631 0.417016 0.451083
0.935986 0.483441 0.406566
0.940473 0.413089 0.483788
1.12058 0.334758 0.42942
1.02085 0.276434 0.331425
1.2001 0.330641 0.331739
1.24981 0.309248 0.402149
1.28862 0.293555 0.324003
1.13494 0.286766 0.50883
1.11563 0.292413 0.446367
1.05343 0.23637 0.432888
0.974069 0.322856 0.550707
1.00836 0.312478 0.524236
0.860883 0.225046 0.657608
0.86515 0.164752 0.656198
0.967594 0.14006 0.643902
1.02083 0.203608 0.630899
1.05952 0.18258 0.617667
1.16679 0.182282 0.55115
0.958126 0.189775 0.553852
0.934355 0.189556 0.559277
0.863 0.199422 0.591765
0.871287 0.136733 0.585976
1.03181 0.0374755 0.636337
1.1146 0.0179222 0.56333
1.1793 0.137747 0.550458
1.19058 0.120714 0.553826
0.865483 0.0454724 0.695012
0.862441 0.0879507 0.691042
0.841169 0.10772 0.689554
0.824656 0.0108306 0.681473
0.817663 0.0199999 0.685488
0.750685 0.0902975 0.6799
0.74283 0.0729613 0.682987
0.754808 0.131136 0.68013
0.796837 0.140915 0.67205
0.67932 0.132255 0.672385
0.736014 0.0830848 0.677401
0.705149 0.020396 0.689677
0.726035 0.0119841 0.695419
0.692615 0.0094569 0.673444
0.621554 0.0236828 0.558194
0.624341 0.0469955 0.656532
0.608185 0.108818 0.648539
0.651218 0.109373 0.595153
0.639433 0.142407 0.561072
0.810839 0.199696 0.667073
0.770881 0.225662 0.628278
0.724007 0.1755 0.539818
0.740231 0.141158 0.671988
0.816869 0.133946 0.636363
1.16852 0.0186393 0.494772
1.00955 0.113239 0.388659
1.01494 0.116895 0.480168
0.995351 0.165374 0.440917
0.855481 0.224072 0.411625
0.750551 0.197317 0.525338
0.651679 0.192817 0.382416
0.798949 0.135598 0.41246
0.977776 0.0936894 0.50846
0.679971 0.106891 0.363454
0.7502 0.0577771 0.143539
0.641245 0.142877 0.0796215
0.666571 0.152561 0.327003
0.717546 0.156861 0.295139
1.11232 0.202966 0.0420904
1.12927 0.191805 0.352193
1.13082 0.127908 0.249935
0.932765 0.0974408 0.243153
1.16282 0.0420009 0.315274
1.2262 0.0313051 0.315739
1.18307 0.15688 0.35806
1.16936 0.151821 0.463492
1.25581 0.0764347 0.494174
1.25355 0.00841467 0.491274
1.25192 0.214001 0.365997
1.17029 0.216473 0.44539
1.17811 0.207892 0.355851
1.26292 0.176229 0.352262
1.27007 0.161937 0.10595
1.47523 0.0930088 0.0921358
1.3815 0.111274 0.0807091
1.43471 0.191926 0.204353
1.39559 0.23417 0.232222
1.31754 0.214422 0.258497
1.28783 0.0508415 0.479374
1.38629 0.0244549 0.360162
1.39769 0.0452489 0.347968
1.38937 0.0273525 0.155729
1.33635 0.0466647 0.30115
1.27817 -0.0700447 0.0686857
1.49117 0.00441477 0.0121935
1.43945 -0.0278092 0.0814198
1.40411 -0.087976 0.232734
1.26434 -0.177628 0.385317
1.35549 -0.146798 0.37512
1.36255 -0.272032 0.225655
1.35361 -0.168053 0.108392
1.45141 -0.093307 0.0317105
1.26221 -0.160471 0.0199079
1.25404 -0.246053 0.101823
1.12293 -0.173187 0.24406
1.24948 -0.245064 0.255817
1.21414 -0.119867 0.469716
1.13975 -0.0177864 0.307833
1.10718 -0.0827726 0.33952
1.15699 -0.0285692 0.276739
1.16991 -0.0883364 0.0683496
1.13921 -0.119697 0.0499623
0.963098 -0.151964 0.140314
0.995912 -0.0615278 0.140973
0.888904 -0.173639 0.262849
0.902049 -0.26996 0.115115
0.68936 -0.171672 0.0738768
0.797564 -0.16827 0.13017
0.637531 -0.166792 0.0230223
0.660718 -0.0884031 0.0364535
0.607073 -0.0607271 0.198683
0.734383 -0.0168835 0.377151
0.682291 -0.23389 0.449744
0.658836 -0.241683 0.499206
0.618059 -0.248141 0.475134
0.725994 -0.275802 0.324691
1.10025 -0.255054 0.303063
1.03553 -0.15739 0.487762
1.09613 -0.15088 0.29919
1.0616 -0.0114952 0.429768
0.7852 -0.114209 0.535752
0.851333 -0.137155 0.634015
0.732074 -0.154988 0.654858
0.845909 -0.226932 0.659057
0.757085 -0.253355 0.58717
0.636646 -0.0849882 0.673152
0.652305 -0.258049 0.609811
0.711689 -0.0532021 0.651476
0.677382 -0.0342125 0.629151
0.649155 -0.0132272 0.652153
0.660945 -0.0150424 0.684701
0.730179 -0.020552 0.689821
0.681374 -0.0236543 0.679109
0.706622 -0.0503534 0.676638
0.677676 -0.0575767 0.684697
0.74945 -0.0835364 0.691661
0.766385 -0.0420537 0.69759
0.856176 -0.00439304 0.696763
0.818773 -0.00201482 0.699516
0.787033 0.00452981 0.697316
0.949406 -0.108313 0.654102
0.916261 -0.00766753 0.669796
0.979215 -0.100665 0.661515
1.00189 -0.0167128 0.660081
1.07113 -0.0165201 0.590167
1.08625 -0.0521534 0.577578
0.988053 -0.109533 0.64698
0.958917 -0.0104457 0.602409
0.929837 -0.051504 0.604874
0.886851 -0.252373 0.589328
1.01836 -0.206731 0.606991
1.03422 -0.277953 0.590272
1.04382 -0.133449 0.605112
1.07278 -0.266756 0.558155
0.953493 -0.157248 0.639516
0.985707 -0.199541 0.641966
0.931321 -0.209619 0.645085
0.895333 -0.217834 0.650205
0.87733 -0.202325 0.664994
0.913486 -0.340622 0.553333
0.978149 -0.357228 0.51973
1.04192 -0.340505 0.47832
1.20542 -0.316717 0.467309
1.22607 -0.290998 0.45193
1.33809 -0.30809 0.30801
1.1483 -0.356745 0.314145
1.09335 -0.309053 0.393139
0.973268 -0.305911 0.439545
0.887856 -0.360738 0.456356
0.886815 -0.553534 0.390245
0.950531 -0.528476 0.306964
0.96783 -0.484504 0.307405
1.1898 -0.384559 0.409831
0.983142 -0.374784 0.460579
1.03703 -0.388746 0.499323
0.928226 -0.391081 0.497068
0.915193 -0.474614 0.485537
0.893088 -0.421457 0.463196
0.828456 -0.53991 0.442871
0.851383 -0.467253 0.45138
0.792772 -0.405459 0.551838
0.875881 -0.298577 0.53175
0.707776 -0.352863 0.494084
0.723433 -0.378745 0.554284
0.697232 -0.395014 0.543073
0.736102 -0.450452 0.508747
0.79137 -0.495376 0.468219
0.744462 -0.586426 0.341225
0.650705 -0.59202 0.334345
0.607425 -0.520427 0.284326
0.668024 -0.502626 0.337023
0.644068 -0.449631 0.292111
0.774805 -0.402344 0.30815
0.749395 -0.449384 0.406433
0.781933 -0.45844 0.379812
0.763232 -0.546207 0.355351
0.824759 -0.525573 0.432328
0.826846 -0.434142 0.185128
0.915381 -0.353103 0.250887
0.931438 -0.345147 0.190647
0.834123 -0.296133 0.275708
0.617083 -0.356076 0.27508
0.741365 -0.411457 0.267845
0.680594 -0.545793 0.27347
0.825636 -0.609948 0.277939
0.729029 -0.633457 0.203404
0.667487 -0.60497 0.12396
0.718209 -0.52389 0.135932
0.719448 -0.413133 0.111694
0.639276 -0.396832 0.0581276
0.726482 -0.363694 0.161089
0.784269 -0.320254 0.0173269
0.761849 -0.313113 0.166551
0.929437 -0.452324 0.119888
0.864641 -0.546325 0.0611151
0.78426 -0.614016 0.122975
1.13296 -0.551692 0.169818
1.13566 -0.58214 0.163459
1.03092 -0.53816 0.217247
0.981744 -0.596931 0.255891
0.98105 -0.524229 0.26486
1.06067 -0.347757 0.266077
1.10589 -0.360867 0.269748
1.09171 -0.399157 0.245548
0.986611 -0.490116 0.104281
1.11961 -0.367098 0.0178831
1.22693 -0.348655 0.0981092
1.20381 -0.318713 0.171876
1.13973 -0.319063 0.240071
1.19969 -0.287885 0.262515
1.23613 -0.368393 0.261449
1.17784 -0.415468 0.0838693
1.14524 -0.391929 0.111565
1.17279 -0.414123 0.0761726
1.19914 -0.402755 0.0657296
1.25745 -0.416856 0.0564767
1.16412 -0.54955 0.00782796
1.12433 -0.544835 -0.000451335
1.11918 -0.482987 -0.0485004
1.11362 -0.442169 -0.0454811
1.07076 -0.527442 -0.134757
1.10832 -0.453876 -0.125741
1.11301 -0.404977 -0.225245
1.26644 -0.389743 -0.110085
1.13688 -0.405453 -0.0674323
1.36686 -0.228155 -0.281477
1.28125 -0.335191 -0.308225
1.08701 -0.335179 -0.348957
1.05306 -0.285808 -0.308247
1.05601 -0.362207 -0.221086
1.05319 -0.367122 -0.202588
1.06546 -0.351451 -0.209766
1.39039 -0.253552 0.00779112
1.39628 -0.26 -0.0476406
1.401 -0.32293 -0.108726
1.34359 -0.152344 -0.282012
1.47407 -0.15973 -0.00749122
1.39717 -0.194826 -0.29096
1.31282 -0.167835 -0.328461
1.39369 -0.109573 -0.214243
1.35006 -0.105322 -0.20552
1.32017 -0.0935891 -0.123325
1.40477 -0.12049 -0.0750219
1.44563 -0.108298 -0.0219121
1.2705 -0.126996 -0.0338033
1.25981 -0.0206781 -0.139189
1.1668 -0.0644483 -0.148519
1.18058 -0.128486 -0.328009
1.24921 -0.0509544 -0.335132
1.23119 -0.209019 -0.316634
1.29876 -0.181591 -0.295758
1.21033 -0.228117 -0.255725
1.11708 -0.204162 -0.232698
1.21185 -0.189268 -0.251366
0.970415 -0.274941 -0.119387
0.988023 -0.320853 -0.104997
0.978405 -0.44281 -0.293669
0.983973 -0.417018 -0.33437
0.965062 -0.09142 -0.201155
1.00036 -0.137664 -0.31827
0.984265 -0.0227671 -0.187004
1.0056 -0.154732 -0.184021
1.01954 -0.231574 -0.127971
0.886594 -0.373997 0.000643483
0.886615 -0.0974841 -0.0646958
0.938207 -0.278168 -0.105189
0.668118 -0.366045 -0.310587
0.960033 -0.170215 -0.176412
0.791399 -0.468112 -0.333325
0.708227 -0.415964 -0.241375
0.951372 -0.385734 -0.133943
0.665344 -0.436251 -0.00735747
0.948194 -0.387592 -0.113027
0.848441 -0.496739 -0.0336492
0.842072 -0.519247 -0.0631479
0.706952 -0.564297 -0.0431663
0.879671 -0.59268 -0.119056
0.687772 -0.662292 -0.0501182
0.908713 -0.664443 -0.0879942
0.954924 -0.524214 -0.0739891
0.967633 -0.52419 -0.0313835
1.01979 -0.510006 0.00196313
0.987441 -0.515722 -0.169563
0.984588 -0.499855 -0.274749
0.981613 -0.516181 -0.314929
0.950293 -0.585017 -0.258808
0.898404 -0.592266 -0.287047
0.860922 -0.59833 -0.292062
0.742199 -0.655068 -0.172828
0.788423 -0.640429 -0.276064
0.657967 -0.543619 -0.288419
0.806365 -0.500783 -0.350866
0.69128 -0.491121 -0.178988
0.673605 -0.401968 -0.39645
0.79962 -0.377735 -0.458583
0.626344 -0.454413 -0.483663
0.791558 -0.508654 -0.465727
0.85819 -0.546653 -0.396613
0.883291 -0.544444 -0.353041
0.802194 -0.453817 -0.470219
0.853744 -0.322395 -0.380802
0.811502 -0.407247 -0.444988
0.69016 -0.208831 -0.644851
0.839032 -0.200019 -0.646637
0.806734 -0.252724 -0.544837
0.821833 -0.327022 -0.617347
0.885102 -0.427792 -0.509613
0.664519 -0.454767 -0.507036
0.6439 -0.286368 -0.604369
0.66374 -0.239479 -0.553017
0.64535 -0.214776 -0.639073
0.646163 -0.211114 -0.557044
0.706528 -0.167886 -0.4049
0.69822 -0.188212 -0.642287
0.651741 -0.11836 -0.404331
0.649712 -0.184391 -0.387529
0.688928 -0.0107745 -0.601472
0.631976 -0.0391735 -0.533248
0.696977 -0.0858893 -0.606708
0.687598 -0.0420478 -0.624111
0.668801 -0.105725 -0.676936
0.756157 -0.0963694 -0.660625
0.803091 -0.0928373 -0.687966
0.898373 -0.0760399 -0.648963
0.871026 -0.0673806 -0.613066
0.801722 -0.0616798 -0.535685
0.728455 -0.152109 -0.52423
0.721056 -0.166752 -0.450345
0.763276 -0.147369 -0.608209
0.726621 -0.157752 -0.638116
0.804318 -0.135513 -0.676023
1.01212 -0.184751 -0.638623
0.984739 -0.189698 -0.606609
1.05893 -0.148826 -0.590115
1.02511 -0.0499718 -0.55781
0.967595 -0.0031318 -0.628658
1.00213 -0.000624793 -0.503119
0.939501 -0.00691005 -0.660437
0.916823 -0.0425534 -0.680217
0.939207 -0.00413832 -0.683461
1.15557 -0.00885544 -0.50087
1.28154 0.000819411 -0.45492
1.1198 -0.098901 -0.445138
1.1567 0.00449668 -0.416998
1.24523 -0.015873 -0.437319
1.13516 -0.123415 -0.380484
1.31889 -0.13082 -0.396929
1.25247 -0.161257 -0.462224
1.18508 -0.126339 -0.538637
1.07354 -0.188248 -0.606638
1.05054 -0.19002 -0.546547
1.13234 -0.222507 -0.525502
1.04704 -0.299827 -0.581134
1.00496 -0.266894 -0.540512
0.9001 -0.316359 -0.572257
1.01717 -0.216591 -0.405333
0.961115 -0.305013 -0.491631
1.10418 -0.224763 -0.44403
1.13321 -0.232638 -0.422582
1.21535 -0.20694 -0.382508
1.14402 -0.397139 -0.441843
1.23299 -0.321563 -0.398109
1.14279 -0.40063 -0.359149
1.07017 -0.346659 -0.462487
0.985822 -0.398185 -0.389628
1.0216 -0.403911 -0.497983
0.928 -0.412009 -0.545853
1.07605 -0.326912 -0.476333
1.11946 -0.342127 -0.489516
1.17431 -0.359614 -0.464882
